Station ID,Province,Station name,Station agency,SFCTC,SFCWSPD,PCPTOT,PCPT6,PCPT24,All stations,Small domain,Stations with KF files,MM5_g2,MM5_g3,MM5_g4,MM5G_g2,MM5G_g3,MM5G_g4,MM5G_g5,WRF3GEM_g2,WRF3GEM_g3,WRF3GEM_g4,WRF3NAM_g2,WRF3NAM_g3,WRF3NAM_g4,WRF3GFS_g2,WRF3GFS_g3,WRF3GFS_g4,WRF3GFS_g5,WRF3NAVGEM_g2,WRF3NAVGEM_g3,WRF3NAVGEM_g4,WRF3GFSgc01_g2,WRF3GFSgc01_g3,WRF3ARPEGE_g2,WRF3ARPEGE_g3,WRF4ICON_g2,WRF4ICON_g3,WRF4NAM_g2,WRF4NAM_g3,WRF4NAM_g4,NMM3NAM_g2,NMM3NAM_g3,NMM3NAM_g4,NMM3GFS_g2,NMM3GFS_g3,WRF2NAM_g1,WRF2NAM_g2,WRF2NAM_g3,WRF2NAM81_g1,WRF2NAM81_g2,WRF2NAM81_g3,WRF2GFS_g1,WRF2GFS_g2,WRF2GFS_g3,WRF2GFS81_g1,WRF2GFS81_g2,WRF2GFS81_g3,WRF4RDPS_g3,WRF4RDPS_g4,WRF4RDPS_g5,MPAS25_g1,MPAS25_g2,ENS,ENS_lr,ENS_hr,ENS_LR
2162,AB,Banff (Mars),NCEP,1,1,0,0,0,1,0,1,1,1,1,1,0,0,0,1,1,1,1,1,1,1,1,1,0,1,1,1,1,1,1,1,1,1,1,1,1,1,1,1,1,1,1,1,1,1,1,1,1,1,1,1,1,1,1,1,0,1,1,1,1,1,1
1972,AB,Banff,NCEP,1,1,0,0,0,1,0,1,1,1,1,1,0,0,0,1,1,1,1,1,1,1,1,1,0,1,1,1,1,1,1,1,1,1,1,1,1,1,1,1,1,1,1,1,1,1,1,1,1,1,1,1,1,1,1,1,0,1,1,1,1,1,1
2155,AB,Bow Valley,NCEP,1,1,0,0,0,1,0,1,1,1,1,1,0,0,0,1,1,1,1,1,1,1,1,1,0,1,1,1,1,1,1,1,1,1,1,1,1,1,1,1,1,1,1,1,1,1,1,1,1,1,1,1,1,1,1,1,0,1,1,1,1,1,1
1975,AB,Brooks CWBO,NCEP,1,1,0,0,0,1,0,1,1,1,1,1,0,0,0,1,1,0,1,1,1,1,1,0,0,1,1,0,1,1,1,1,1,1,1,1,1,1,1,0,1,1,1,1,0,1,1,0,1,1,0,1,1,0,1,0,0,1,1,1,1,1,1
2339,AB,Calgary International Airport,NCEP,1,1,0,0,0,1,0,1,1,1,1,1,0,0,0,1,1,1,1,1,1,1,1,1,0,1,1,1,1,1,1,1,1,1,1,1,1,1,1,1,1,1,1,1,0,1,1,0,1,1,0,1,1,0,1,1,0,1,1,1,1,1,1
2197,AB,Calgary CYBW,NCEP,1,1,0,0,0,1,0,1,1,1,1,1,0,0,0,1,1,1,1,1,1,1,1,1,0,1,1,1,1,1,1,1,1,1,1,1,1,1,1,1,1,1,1,1,0,1,1,1,1,1,0,1,1,1,1,1,0,1,1,1,1,1,1
2011,AB,Cardston CWFJ,NCEP,1,1,0,0,0,1,0,1,1,1,1,1,0,0,0,1,1,1,1,1,1,1,1,1,0,1,1,1,1,1,1,1,1,1,1,1,1,1,1,0,1,1,1,1,0,1,1,0,1,1,0,1,1,0,1,1,0,1,1,1,1,1,1
1991,AB,Claresholm CWDK,NCEP,1,1,0,0,0,1,0,1,1,1,1,1,0,0,0,1,1,1,1,1,1,1,1,1,0,1,1,1,1,1,1,1,1,1,1,1,1,1,1,0,1,1,1,1,0,1,1,0,1,1,0,1,1,0,1,1,0,1,1,1,1,1,1
2265,AB,Cold Lake CYOD,NCEP,1,1,0,0,0,1,0,1,1,1,1,1,0,0,0,1,1,0,1,1,1,1,1,0,0,1,1,0,1,1,1,1,1,1,1,1,1,1,1,0,1,1,1,1,0,1,1,0,1,1,0,1,1,0,1,0,0,1,1,1,1,1,1
1986,AB,Coronation CWCT,NCEP,1,1,0,0,0,1,0,1,1,1,1,1,0,0,0,1,1,0,1,1,1,1,1,0,0,1,1,0,1,1,1,1,1,1,1,1,1,1,1,0,1,1,1,1,0,1,1,0,1,1,0,1,1,0,1,0,0,1,1,1,1,1,1
2113,AB,Crowsnest Pass CWRT,NCEP,1,1,0,0,0,1,0,1,1,1,1,1,0,0,0,1,1,1,1,1,1,1,1,1,0,1,1,1,1,1,1,1,1,1,1,1,1,1,1,1,1,1,1,1,1,1,1,1,1,1,1,1,1,1,1,1,0,1,1,1,1,1,1
2799,AB,CWDU,NCEP,1,1,0,0,0,1,0,1,1,1,1,1,0,0,0,1,1,1,1,1,1,1,1,1,0,1,1,1,1,1,1,1,1,1,1,1,1,1,1,1,1,1,1,1,0,1,1,1,1,1,0,1,1,1,1,1,0,1,1,1,1,1,1
2019,AB,CWGM,NCEP,1,1,0,0,0,1,0,1,1,1,1,1,0,0,0,1,1,0,1,1,1,1,1,0,0,1,1,0,1,1,1,1,1,1,1,1,1,1,1,0,1,1,1,1,0,1,1,0,1,1,0,1,1,0,1,0,0,1,1,1,1,1,1
2775,AB,CWNP,NCEP,1,1,0,0,0,1,0,1,1,1,1,1,1,1,0,1,1,1,1,1,1,1,1,1,0,1,1,1,1,1,1,1,1,1,1,1,1,1,1,1,1,1,1,1,1,1,1,1,1,1,1,1,1,1,1,1,0,1,1,1,1,1,1
3004,AB,CWNR,NCEP,1,1,0,0,0,1,0,1,1,1,1,1,0,0,0,1,1,1,1,1,1,1,1,1,0,1,1,1,1,1,1,1,1,1,1,1,1,1,1,1,1,1,1,1,1,1,1,1,1,1,1,1,1,1,1,1,0,1,1,1,1,1,1
2962,AB,CWQL,NCEP,1,1,0,0,0,1,0,1,1,1,1,1,0,0,0,1,1,1,1,1,1,1,1,1,0,1,1,1,1,1,1,1,1,1,1,1,1,1,1,0,1,1,1,1,0,1,1,0,1,1,0,1,1,0,1,1,0,1,1,1,1,1,1
2964,AB,CWQQ,NCEP,1,1,0,0,0,1,0,1,1,1,1,1,0,0,0,1,1,0,1,1,1,1,1,0,0,1,1,0,1,1,1,1,1,1,1,1,1,1,1,1,1,1,1,1,0,1,1,0,1,1,0,1,1,0,1,0,0,1,1,1,1,1,1
2967,AB,CWRD,NCEP,1,1,0,0,0,1,0,1,1,1,1,1,0,0,0,1,1,0,1,1,1,1,1,0,0,1,1,0,1,1,1,1,1,1,1,1,1,1,1,1,1,1,1,1,0,1,1,0,1,1,0,1,1,0,1,0,0,1,1,1,1,1,1
2969,AB,CWRV,NCEP,1,1,0,0,0,1,0,1,1,1,1,1,0,0,0,1,1,0,1,1,1,1,1,0,0,1,1,0,1,1,1,1,1,1,1,1,1,1,1,0,1,1,1,1,0,1,1,0,1,1,0,1,1,0,1,0,0,1,1,1,1,1,1
2791,AB,CWSV,NCEP,1,1,0,0,0,1,0,1,1,1,1,1,1,1,0,1,1,1,1,1,1,1,1,1,0,1,1,1,1,1,1,1,1,1,1,1,1,1,1,1,1,1,1,1,1,1,1,1,1,1,1,1,1,1,1,1,0,1,1,1,1,1,1
2979,AB,CWVO,NCEP,1,1,0,0,0,1,0,1,1,1,1,1,0,0,0,1,1,0,1,1,1,1,1,0,0,1,1,0,1,1,1,1,1,1,1,1,1,1,1,0,1,1,1,1,0,1,1,0,1,1,0,1,1,0,1,0,0,1,1,1,1,1,1
2983,AB,CWWO,NCEP,1,1,0,0,0,1,0,1,1,1,1,1,1,0,0,1,1,1,1,1,1,1,1,1,0,1,1,1,1,1,1,1,1,1,1,1,1,1,1,1,1,1,1,1,1,1,1,1,1,1,1,1,1,1,1,1,0,1,1,1,1,1,1
2992,AB,CZWN,NCEP,1,1,0,0,0,1,0,1,1,1,1,1,0,0,0,1,1,0,1,1,1,1,1,0,0,1,1,0,1,1,1,1,1,1,1,1,1,1,1,0,1,1,1,1,0,1,1,0,1,1,0,1,1,0,1,0,0,1,1,1,1,1,1
1995,AB,Drumheller CWDZ,NCEP,1,1,0,0,0,1,0,1,1,1,1,1,0,0,0,1,1,0,1,1,1,1,1,0,0,1,1,0,1,1,1,1,1,1,1,1,1,1,1,0,1,1,1,1,0,1,1,0,1,1,0,1,1,0,1,0,0,1,1,1,1,1,1
2209,AB,Edmonton CYED,NCEP,1,1,0,0,0,1,0,1,1,1,1,1,0,0,0,1,1,0,1,1,1,1,1,0,0,1,1,0,1,1,1,1,1,1,1,1,1,1,1,1,1,1,1,1,0,1,1,0,1,1,0,1,1,0,1,0,0,1,1,1,1,1,1
2210,AB,Edmonton International Airport,NCEP,1,1,0,0,0,1,0,1,1,1,1,1,0,0,0,1,1,0,1,1,1,1,1,0,0,1,1,0,1,1,1,1,1,1,1,1,1,1,1,1,1,1,1,1,0,1,1,0,1,1,0,1,1,0,1,0,0,1,1,1,1,1,1
2214,AB,Edson,NCEP,1,1,0,0,0,1,0,1,1,1,1,1,0,0,0,1,1,1,1,1,1,1,1,1,0,1,1,1,1,1,1,1,1,1,1,1,1,1,1,1,1,1,1,1,1,1,1,1,1,1,1,1,1,1,1,1,0,1,1,1,1,1,1
2027,AB,Esther CWGY,NCEP,1,1,0,0,0,1,0,1,1,1,1,1,0,0,0,1,1,0,1,1,1,1,1,0,0,1,1,0,1,1,1,1,1,1,1,1,1,1,1,0,1,1,1,1,0,1,1,0,1,1,0,1,1,0,1,0,0,1,1,1,1,1,1
2156,AB,Foremost CWXL,NCEP,1,1,0,0,0,1,0,1,1,1,1,1,0,0,0,1,1,0,1,1,1,1,1,0,0,1,1,0,1,1,1,1,1,1,1,1,1,1,1,0,1,1,1,1,0,1,1,0,1,1,0,1,1,0,1,0,0,1,1,1,1,1,1
2274,AB,Fort Chipewyan CYPY,NCEP,1,1,0,0,0,1,0,1,1,1,1,1,0,0,0,1,0,0,1,1,1,1,0,0,0,1,0,0,1,1,1,1,1,1,1,1,1,1,1,0,1,1,1,1,0,1,1,0,1,1,0,1,1,0,1,0,0,1,1,1,1,1,1
2177,AB,Fort McMurray CXMM,NCEP,1,1,0,0,0,1,0,1,1,1,1,1,0,0,0,1,0,0,1,1,1,1,0,0,0,1,0,0,1,1,1,1,1,1,1,1,1,1,1,0,1,1,1,1,0,1,1,0,1,1,0,1,1,0,1,0,0,1,1,1,1,1,1
2286,AB,Grand Prairie,NCEP,1,1,0,0,1,1,0,1,1,1,1,1,1,0,0,1,1,1,1,1,1,1,1,1,0,1,1,1,1,1,1,1,1,1,1,1,1,1,1,1,1,1,1,1,1,1,1,1,1,1,1,1,1,1,1,1,0,1,1,1,1,1,1
2266,AB,High Level,NCEP,1,1,0,0,1,1,0,1,1,1,1,1,0,0,0,1,1,0,1,1,1,1,1,0,0,1,1,0,1,1,1,1,1,1,1,1,1,1,1,0,1,1,1,1,1,1,1,1,1,1,1,1,1,1,1,0,0,1,1,1,1,1,1
2058,AB,Jasper Warden,NCEP,1,1,0,0,0,1,0,1,1,1,1,1,1,1,0,1,1,1,1,1,1,1,1,1,0,1,1,1,1,1,1,1,1,1,1,1,1,1,1,1,1,1,1,1,1,1,1,1,1,1,1,1,1,1,1,1,0,1,1,1,1,1,1
2066,AB,Lac La Biche CWLB,NCEP,1,1,0,0,0,1,0,1,1,1,1,1,0,0,0,1,1,0,1,1,1,1,1,0,0,1,1,0,1,1,1,1,1,1,1,1,1,1,1,0,1,1,1,1,0,1,1,0,1,1,0,1,1,0,1,0,0,1,1,1,1,1,1
2282,AB,Lethbridge Airport,NCEP,1,1,0,0,0,1,0,1,1,1,1,1,0,0,0,1,1,1,1,1,1,1,1,1,0,1,1,1,1,1,1,1,1,1,1,1,1,1,1,0,1,1,1,1,0,1,1,0,1,1,0,1,1,0,1,1,0,1,1,1,1,1,1
2252,AB,Lloydminster CYLL,NCEP,1,1,0,0,0,1,0,1,1,1,1,1,0,0,0,1,1,0,1,1,1,1,1,0,0,1,1,0,1,1,1,1,1,1,1,1,1,1,1,0,1,1,1,1,0,1,1,0,1,1,0,1,1,0,1,0,0,1,1,1,1,1,1
2332,AB,Medicine Hat Airport,NCEP,1,1,0,0,0,1,0,1,1,1,1,1,0,0,0,1,1,0,1,1,1,1,1,0,0,1,1,0,1,1,1,1,1,1,1,1,1,1,1,0,1,1,1,1,0,1,1,0,1,1,0,1,1,0,1,0,0,1,1,1,1,1,1
2116,AB,Milk River CWRY,NCEP,1,1,0,0,0,1,0,1,1,1,1,1,0,0,0,1,1,1,1,1,1,1,1,1,0,1,1,1,1,1,1,1,1,1,1,1,1,1,1,0,1,1,1,1,0,1,1,0,1,1,0,1,1,0,1,0,0,1,1,1,1,1,1
2088,AB,Onefour CWOE,NCEP,1,1,0,0,0,1,0,1,1,1,1,1,0,0,0,1,1,0,1,1,1,1,1,0,0,1,1,0,1,1,1,1,1,1,1,1,1,1,1,0,1,1,1,1,0,1,1,0,1,1,0,1,1,0,1,0,0,1,1,1,1,1,1
2269,AB,Peace River,NCEP,1,1,0,0,1,1,0,1,1,1,1,1,0,0,0,1,1,1,1,1,1,1,1,1,0,1,1,1,1,1,1,1,1,1,1,1,1,1,1,1,1,1,1,1,1,1,1,1,1,1,1,1,1,1,1,0,0,1,1,1,1,1,1
2576,AB,Pincher Creek CZPC,NCEP,1,1,0,0,0,1,0,1,1,1,1,1,0,0,0,1,1,1,1,1,1,1,1,1,0,1,1,1,1,1,1,1,1,1,1,1,1,1,1,0,1,1,1,1,0,1,1,1,1,1,0,1,1,1,1,1,0,1,1,1,1,1,1
2278,AB,Red Deer CYQF,NCEP,1,1,0,0,0,1,0,1,1,1,1,1,0,0,0,1,1,1,1,1,1,1,1,1,0,1,1,1,1,1,1,1,1,1,1,1,1,1,1,1,1,1,1,1,0,1,1,0,1,1,0,1,1,0,1,0,0,1,1,1,1,1,1
2110,AB,Rocky Mountain House CWRM,NCEP,1,1,0,0,0,1,0,1,1,1,1,1,0,0,0,1,1,1,1,1,1,1,1,1,0,1,1,1,1,1,1,1,1,1,1,1,1,1,1,1,1,1,1,1,0,1,1,1,1,1,0,1,1,1,1,1,0,1,1,1,1,1,1
2008,AB,Sandy Beach CWFE,NCEP,1,1,0,0,0,1,0,1,1,1,1,1,0,0,0,1,1,0,1,1,1,1,1,0,0,1,1,0,1,1,1,1,1,1,1,1,1,1,1,0,1,1,1,1,0,1,1,0,1,1,0,1,1,0,1,0,0,1,1,1,1,1,1
2352,AB,Slave Lake CYZH,NCEP,1,1,0,0,0,1,0,1,1,1,1,1,0,0,0,1,1,0,1,1,1,1,1,0,0,1,1,0,1,1,1,1,1,1,1,1,1,1,1,1,1,1,1,1,0,1,1,0,1,1,0,1,1,0,1,0,0,1,1,1,1,1,1
1971,AB,Sundre CWAV,NCEP,1,1,0,0,0,1,0,1,1,1,1,1,0,0,0,1,1,1,1,1,1,1,1,1,0,1,1,1,1,1,1,1,1,1,1,1,1,1,1,1,1,1,1,1,0,1,1,1,1,1,0,1,1,1,1,1,0,1,1,1,1,1,1
2032,AB,Three Hills CWHI,NCEP,1,1,0,0,0,1,0,1,1,1,1,1,0,0,0,1,1,0,1,1,1,1,1,0,0,1,1,0,1,1,1,1,1,1,1,1,1,1,1,0,1,1,1,1,0,1,1,0,1,1,0,1,1,0,1,0,0,1,1,1,1,1,1
2139,AB,Vegreville CWVI,NCEP,1,1,0,0,0,1,0,1,1,1,1,1,0,0,0,1,1,0,1,1,1,1,1,0,0,1,1,0,1,1,1,1,1,1,1,1,1,1,1,0,1,1,1,1,0,1,1,0,1,1,0,1,1,0,1,0,0,1,1,1,1,1,1
2949,NWT,CWLG,NCEP,1,1,0,0,0,1,0,1,1,1,0,0,0,0,0,1,0,0,1,0,0,1,0,0,0,1,0,0,1,0,1,0,1,0,1,1,1,0,0,0,0,0,1,0,0,1,0,0,1,0,0,1,0,0,0,0,0,1,1,1,1,0,1
2954,NWT,CWND,NCEP,1,1,0,0,0,1,0,1,1,0,0,0,0,0,0,0,0,0,0,0,0,0,0,0,0,0,0,0,0,0,0,0,0,0,1,1,1,0,0,0,0,0,1,0,0,1,0,0,1,0,0,1,0,0,0,0,0,1,1,1,1,0,1
2956,YT,CWOI,NCEP,1,1,0,0,0,1,0,1,1,0,0,0,0,0,0,0,0,0,0,0,0,0,0,0,0,0,0,0,0,0,0,0,0,0,1,1,1,0,0,0,0,0,1,0,0,1,0,0,1,0,0,1,0,0,0,0,0,1,1,1,1,0,1
2958,YT,CWON,NCEP,1,1,0,0,0,1,0,1,1,1,0,0,0,0,0,1,0,0,1,0,0,1,0,0,0,1,0,0,1,0,1,0,1,0,1,1,1,1,0,0,1,0,1,0,0,1,0,0,1,0,0,1,0,0,0,0,0,1,1,1,1,0,1
2961,NWT,CWQF,NCEP,1,1,0,0,0,1,0,1,1,1,1,0,0,0,0,1,1,0,1,1,1,1,1,0,0,1,1,0,1,1,1,1,1,1,1,1,1,1,0,0,1,0,1,1,1,1,1,1,1,1,1,1,1,1,1,0,0,1,1,1,1,1,1
2968,YT,CWRR,NCEP,1,1,0,0,0,1,0,1,1,1,0,0,0,0,0,0,0,0,1,0,0,0,0,0,0,0,0,0,0,0,0,0,0,0,1,1,1,0,0,0,0,0,1,0,0,1,0,0,1,0,0,1,0,0,0,0,0,1,1,1,1,0,1
3320,BC,29th Ave Station,CMBC,1,1,1,0,0,1,1,1,1,1,1,1,1,1,1,1,1,1,1,1,1,1,1,1,1,1,1,1,1,1,1,1,1,1,1,1,1,1,1,1,1,1,1,1,1,1,1,1,1,1,1,1,1,1,1,1,1,1,1,1,1,1,1
604,BC,Abbotsford Airport (ATI),NAVCAN,1,1,0,1,1,1,1,1,1,1,1,1,1,1,1,1,1,1,1,1,1,1,1,1,1,1,1,1,1,1,1,1,1,1,1,1,1,1,1,1,1,1,1,1,1,1,1,1,1,1,1,1,1,1,1,1,1,1,1,1,1,1,1
3163,BC,Agassiz,BCHydro,0,0,0,0,1,1,0,1,1,1,1,1,1,1,1,1,1,1,1,1,1,1,1,1,0,1,1,1,1,1,1,1,1,1,1,1,1,1,1,1,1,1,1,1,1,1,1,1,1,1,1,1,1,1,1,1,1,1,1,1,1,1,1
679,BC,Agassiz CDA (AU8),EC,1,1,1,1,1,1,0,1,1,1,1,1,1,1,1,1,1,1,1,1,1,1,1,1,0,1,1,1,1,1,1,1,1,1,1,1,1,1,1,1,1,1,1,1,1,1,1,1,1,1,1,1,1,1,1,1,1,1,1,1,1,1,1
1969,BC,Alert Bay,NCEP,1,1,0,0,0,1,0,1,1,1,1,1,1,1,0,1,1,1,1,1,1,1,1,1,0,1,1,1,1,1,1,1,1,1,1,1,1,1,1,1,1,1,1,1,1,1,1,1,1,1,1,1,1,1,1,1,1,1,1,1,1,1,1
414,BC,Alouette Lake forebay,BCHydro,1,0,1,0,1,1,1,1,1,1,1,1,1,1,1,1,1,1,1,1,1,1,1,1,1,1,1,1,1,1,1,1,1,1,1,1,1,1,1,1,1,1,1,1,1,1,1,1,1,1,1,1,1,1,1,1,1,1,1,1,1,1,1
3544,BC,Ashcroft,EC,1,1,1,1,1,1,0,1,1,1,1,1,1,1,1,1,1,1,1,1,1,1,1,1,0,1,1,1,1,1,1,1,1,1,1,1,1,1,1,1,1,1,1,1,1,1,1,1,1,1,1,1,1,1,1,1,0,1,1,1,1,1,1
624,BC,Ballenas Island (AU8),EC,1,1,1,1,1,1,1,1,1,1,1,1,1,1,1,1,1,1,1,1,1,1,1,1,1,1,1,1,1,1,1,1,1,1,1,1,1,1,1,1,1,1,1,1,1,1,1,1,1,1,1,1,1,1,1,1,1,1,1,1,1,1,1
467,BC,Barnes Ck.,BCHydro,0,0,0,0,1,1,0,1,1,1,1,1,1,1,0,1,1,1,1,1,1,1,1,1,0,1,1,1,1,1,1,1,1,1,1,1,1,1,1,1,1,1,1,1,1,1,1,1,1,1,1,1,1,1,1,1,0,1,1,1,1,1,1
3582,BC,Bella Bella Campbell Island,NAVCAN,1,1,1,1,1,1,0,1,1,1,1,1,1,0,0,1,1,1,1,1,1,1,1,1,0,1,1,1,1,1,1,1,1,1,1,1,1,1,1,1,1,1,1,1,1,1,1,1,1,1,1,1,1,1,1,1,0,1,1,1,1,1,1
3546,BC,Bella Coola Airport,EC,1,1,1,1,1,1,0,1,1,1,1,1,1,0,0,1,1,1,1,1,1,1,1,1,0,1,1,1,1,1,1,1,1,1,1,1,1,1,1,1,1,1,1,1,1,1,1,1,1,1,1,1,1,1,1,1,0,1,1,1,1,1,1
580,BC,Bella Coola Airport (CON),NAVCAN,1,1,0,1,0,1,0,1,1,1,1,1,1,0,0,1,1,1,1,1,1,1,1,1,0,1,1,1,1,1,1,1,1,1,1,1,1,1,1,1,1,1,1,1,1,1,1,1,1,1,1,1,1,1,1,1,0,1,1,1,1,1,1
2899,BC,Blackcomb Mountain Base (AU8),EC,1,0,1,1,1,1,1,1,1,1,1,1,1,1,1,1,1,1,1,1,1,1,1,1,1,1,1,1,1,1,1,1,1,1,1,1,1,1,1,1,1,1,1,1,1,1,1,1,1,1,1,1,1,1,1,1,1,1,1,1,1,1,1
3316,BC,Blanca Loop,CMBC,1,1,1,0,0,1,1,1,1,1,1,1,1,1,1,1,1,1,1,1,1,1,1,1,1,1,1,1,1,1,1,1,1,1,1,1,1,1,1,1,1,1,1,1,1,1,1,1,1,1,1,1,1,1,1,1,1,1,1,1,1,1,1
584,BC,Blue River (AU2),NAVCAN,1,1,0,0,1,1,0,1,1,1,1,1,1,1,0,1,1,1,1,1,1,1,1,1,0,1,1,1,1,1,1,1,1,1,1,1,1,1,1,1,1,1,1,1,1,1,1,1,1,1,1,1,1,1,1,1,0,1,1,1,1,1,1
658,BC,Blue River (AU8),EC,1,1,1,1,1,1,0,1,1,1,1,1,1,1,0,1,1,1,1,1,1,1,1,1,0,1,1,1,1,1,1,1,1,1,1,1,1,1,1,1,1,1,1,1,1,1,1,1,1,1,1,1,1,1,1,1,0,1,1,1,1,1,1
675,BC,Bonilla Island (AU4),EC,1,1,1,1,1,1,0,1,1,1,1,1,1,0,0,1,1,1,1,1,1,1,1,1,0,1,1,1,1,1,1,1,1,1,1,1,1,1,1,1,1,1,1,1,1,1,1,1,1,1,1,1,1,1,1,1,0,1,1,1,1,1,1
431,BC,Bralorne Upper,BCHydro,0,0,1,0,1,1,0,1,1,1,1,1,1,1,1,1,1,1,1,1,1,1,1,1,0,1,1,1,1,1,1,1,1,1,1,1,1,1,1,1,1,1,1,1,1,1,1,1,1,1,1,1,1,1,1,1,1,1,1,1,1,1,1
434,BC,Bridge R. below Glacier,BCHydro,0,0,0,0,1,1,0,1,1,1,1,1,1,1,1,1,1,1,1,1,1,1,1,1,0,1,1,1,1,1,1,1,1,1,1,1,1,1,1,1,1,1,1,1,1,1,1,1,1,1,1,1,1,1,1,1,1,1,1,1,1,1,1
402,BC,Burmount,GVRD,1,1,0,0,0,1,1,0,1,1,1,1,1,1,1,1,1,1,1,1,1,1,1,1,1,1,1,1,1,1,1,1,1,1,1,1,1,1,1,1,1,1,1,1,1,1,1,1,1,1,1,1,1,1,1,1,1,1,1,1,1,1,1
397,BC,Burnaby Mountain,GVRD,1,1,1,0,0,1,1,0,1,1,1,1,1,1,1,1,1,1,1,1,1,1,1,1,1,1,1,1,1,1,1,1,1,1,1,1,1,1,1,1,1,1,1,1,1,1,1,1,1,1,1,1,1,1,1,1,1,1,1,1,1,1,1
404,BC,Burnaby North,GVRD,1,1,0,0,0,1,1,0,1,1,1,1,1,1,1,1,1,1,1,1,1,1,1,1,1,1,1,1,1,1,1,1,1,1,1,1,1,1,1,1,1,1,1,1,1,1,1,1,1,1,1,1,1,1,1,1,1,1,1,1,1,1,1
400,BC,Burnaby South,GVRD,1,1,1,0,0,1,1,0,1,1,1,1,1,1,1,1,1,1,1,1,1,1,1,1,1,1,1,1,1,1,1,1,1,1,1,1,1,1,1,1,1,1,1,1,1,1,1,1,1,1,1,1,1,1,1,1,1,1,1,1,1,1,1
648,BC,Burns Lake CS (AU8),EC,1,1,1,1,1,1,0,1,1,1,1,1,1,0,0,1,1,1,1,1,1,1,1,1,0,1,1,1,1,1,1,1,1,1,1,1,1,1,1,1,1,1,1,1,1,1,1,1,1,1,1,1,1,1,1,1,0,1,1,1,1,1,1
2102,BC,Burns Lake,NCEP,1,1,0,0,0,1,0,1,1,1,1,1,1,0,0,1,1,1,1,1,1,1,1,1,0,1,1,1,1,1,1,1,1,1,1,1,1,1,1,1,1,1,1,1,1,1,1,1,1,1,1,1,1,1,1,1,0,1,1,1,1,1,1
3547,BC,Burwash RCS,EC,1,1,1,1,1,1,0,1,1,1,1,0,0,0,0,1,0,0,1,1,0,1,0,0,0,1,0,0,1,0,1,0,1,0,1,1,1,1,0,0,1,0,1,1,0,1,1,0,1,1,0,1,1,0,0,0,0,1,1,1,1,1,1
2900,BC,Callaghan Valley (AU8),EC,1,1,1,1,1,1,1,1,1,1,1,1,1,1,1,1,1,1,1,1,1,1,1,1,1,1,1,1,1,1,1,1,1,1,1,1,1,1,1,1,1,1,1,1,1,1,1,1,1,1,1,1,1,1,1,1,1,1,1,1,1,1,1
581,BC,Campbell River Airport (ATI),NAVCAN,1,1,0,0,1,1,0,1,1,1,1,1,1,1,1,1,1,1,1,1,1,1,1,1,0,1,1,1,1,1,1,1,1,1,1,1,1,1,1,1,1,1,1,1,1,1,1,1,1,1,1,1,1,1,1,1,1,1,1,1,1,1,1
3508,BC,Cape Scott Wind,BCHydro,0,1,0,0,0,1,0,1,1,1,1,1,1,1,0,1,1,1,1,1,1,1,1,1,0,1,1,1,1,1,1,1,1,1,1,1,1,1,1,1,1,1,1,1,1,1,1,1,1,1,1,1,1,1,1,1,1,1,1,1,1,1,1
403,BC,Capitol Hill,GVRD,1,1,0,0,0,1,1,0,1,1,1,1,1,1,1,1,1,1,1,1,1,1,1,1,1,1,1,1,1,1,1,1,1,1,1,1,1,1,1,1,1,1,1,1,1,1,1,1,1,1,1,1,1,1,1,1,1,1,1,1,1,1,1
583,BC,Castlegar Airport (W04ATO),NAVCAN,1,1,0,1,1,1,0,1,1,1,1,1,1,1,0,1,1,1,1,1,1,1,1,1,0,1,1,1,1,1,1,1,1,1,1,1,1,1,1,1,1,1,1,1,1,1,1,1,1,1,1,1,1,1,1,1,0,1,1,1,1,1,1
640,BC,Cathedral Pt. (AU4),EC,1,1,1,1,1,1,0,1,1,1,1,1,1,0,0,1,1,1,1,1,1,1,1,1,0,1,1,1,1,1,1,1,1,1,1,1,1,1,1,1,1,1,1,1,1,1,1,1,1,1,1,1,1,1,1,1,0,1,1,1,1,1,1
413,BC,Central Abbotsford,GVRD,1,1,1,0,0,1,1,0,1,1,1,1,1,1,1,1,1,1,1,1,1,1,1,1,1,1,1,1,1,1,1,1,1,1,1,1,1,1,1,1,1,1,1,1,1,1,1,1,1,1,1,1,1,1,1,1,1,1,1,1,1,1,1
585,BC,Chetwynd Airport (CON),NAVCAN,1,1,0,0,0,1,0,1,1,1,1,1,1,0,0,1,1,1,1,1,1,1,1,1,0,1,1,1,1,1,1,1,1,1,1,1,1,1,1,1,1,1,1,1,1,1,1,1,1,1,1,1,1,1,1,1,0,1,1,1,1,1,1
395,BC,Chilliwack Airport,GVRD,1,1,1,0,0,1,1,0,1,1,1,1,1,1,1,1,1,1,1,1,1,1,1,1,1,1,1,1,1,1,1,1,1,1,1,1,1,1,1,1,1,1,1,1,1,1,1,1,1,1,1,1,1,1,1,1,1,1,1,1,1,1,1
3549,BC,Clearwater Auto,EC,1,1,1,1,1,1,0,1,1,1,1,1,1,1,0,1,1,1,1,1,1,1,1,1,0,1,1,1,1,1,1,1,1,1,1,1,1,1,1,1,1,1,1,1,1,1,1,1,1,1,1,1,1,1,1,1,0,1,1,1,1,1,1
3584,BC,Clinton A,NAVCAN,1,1,1,1,1,1,0,1,1,1,1,1,1,1,1,1,1,1,1,1,1,1,1,1,0,1,1,1,1,1,1,1,1,1,1,1,1,1,1,1,1,1,1,1,1,1,1,1,1,1,1,1,1,1,1,1,0,1,1,1,1,1,1
3543,BC,Clinton RCS,EC,1,1,1,1,1,1,0,1,1,1,1,1,1,1,1,1,1,1,1,1,1,1,1,1,0,1,1,1,1,1,1,1,1,1,1,1,1,1,1,1,1,1,1,1,1,1,1,1,1,1,1,1,1,1,1,1,0,1,1,1,1,1,1
424,BC,Clowhom Falls,BCHydro,1,0,1,0,1,1,1,1,1,1,1,1,1,1,1,1,1,1,1,1,1,1,1,1,1,1,1,1,1,1,1,1,1,1,1,1,1,1,1,1,1,1,1,1,1,1,1,1,1,1,1,1,1,1,1,1,1,1,1,1,1,1,1
442,BC,Comox Dam forebay,BCHydro,1,0,1,0,1,1,1,1,1,1,1,1,1,1,1,1,1,1,1,1,1,1,1,1,1,1,1,1,1,1,1,1,1,1,1,1,1,1,1,1,1,1,1,1,1,1,1,1,1,1,1,1,1,1,1,1,1,1,1,1,1,1,1
594,BC,Comox,EC,1,1,0,1,1,1,1,1,1,1,1,1,1,1,1,1,1,1,1,1,1,1,1,1,1,1,1,1,1,1,1,1,1,1,1,1,1,1,1,1,1,1,1,1,1,1,1,1,1,1,1,1,1,1,1,1,1,1,1,1,1,1,1
415,BC,Coquitlam Lake forebay,BCHydro,1,0,1,0,1,1,1,1,1,1,1,1,1,1,1,1,1,1,1,1,1,1,1,1,1,1,1,1,1,1,1,1,1,1,1,1,1,1,1,1,1,1,1,1,1,1,1,1,1,1,1,1,1,1,1,1,1,1,1,1,1,1,1
416,BC,Coquitlam R. above Lake,BCHydro,1,0,1,0,1,1,1,1,1,1,1,1,1,1,1,1,1,1,1,1,1,1,1,1,1,1,1,1,1,1,1,1,1,1,1,1,1,1,1,1,1,1,1,1,1,1,1,1,1,1,1,1,1,1,1,1,1,1,1,1,1,1,1
3570,BC,Cranbrook Airport Auto,EC,1,1,1,1,1,1,0,1,1,1,1,1,0,0,0,1,1,1,1,1,1,1,1,1,0,1,1,1,1,1,1,1,1,1,1,1,1,1,1,1,1,1,1,1,1,1,1,1,1,1,1,1,1,1,1,1,0,1,1,1,1,1,1
600,BC,Cranbrook Airport (ATI),NAVCAN,1,1,0,1,1,1,0,1,1,1,1,1,0,0,0,1,1,1,1,1,1,1,1,1,0,1,1,1,1,1,1,1,1,1,1,1,1,1,1,1,1,1,1,1,1,1,1,1,1,1,1,1,1,1,1,1,0,1,1,1,1,1,1
631,BC,Creston,EC,1,1,1,1,1,1,0,1,1,1,1,1,1,1,0,1,1,1,1,1,1,1,1,1,0,1,1,1,1,1,1,1,1,1,1,1,1,1,1,1,1,1,1,1,1,1,1,1,1,1,1,1,1,1,1,1,0,1,1,1,1,1,1
3156,BC,Creston,BCHydro,0,0,0,0,1,1,0,1,1,1,1,1,1,1,0,1,1,1,1,1,1,1,1,1,0,1,1,1,1,1,1,1,1,1,1,1,1,1,1,1,1,1,1,1,1,1,1,1,1,1,1,1,1,1,1,1,0,1,1,1,1,1,1
444,BC,Cruickshank R. near the Mouth,BCHydro,1,0,1,0,1,1,1,1,1,1,1,1,1,1,1,1,1,1,1,1,1,1,1,1,1,1,1,1,1,1,1,1,1,1,1,1,1,1,1,1,1,1,1,1,1,1,1,1,1,1,1,1,1,1,1,1,1,1,1,1,1,1,1
3548,BC,Cultus Lake,EC,1,0,1,1,1,1,1,1,1,1,1,1,1,1,1,1,1,1,1,1,1,1,1,1,1,1,1,1,1,1,1,1,1,1,1,1,1,1,1,1,1,1,1,1,1,1,1,1,1,1,1,1,1,1,1,1,1,1,1,1,1,1,1
680,BC,Cumshewa Island (CU8),EC,1,1,1,1,1,1,0,1,1,1,1,1,1,0,0,1,1,1,1,1,1,1,1,1,0,1,1,1,1,1,1,1,1,1,1,1,1,1,1,1,1,1,1,1,1,1,1,1,1,1,1,1,1,1,1,1,0,1,1,1,1,1,1
2795,BC,CWAS,NCEP,1,1,0,0,0,1,1,1,1,1,1,1,1,1,1,1,1,1,1,1,1,1,1,1,1,1,1,1,1,1,1,1,1,1,1,1,1,1,1,1,1,1,1,1,1,1,1,1,1,1,1,1,1,1,1,1,1,1,1,1,1,1,1
2007,BC,CWEZ,NCEP,1,1,0,0,0,1,1,1,1,1,1,1,1,1,1,1,1,1,1,1,1,1,1,1,1,1,1,1,1,1,1,1,1,1,1,1,1,1,1,1,1,1,1,1,1,1,1,1,1,1,1,1,1,1,1,1,1,1,1,1,1,1,1
2793,BC,CWQC,NCEP,1,1,0,0,0,1,1,1,1,1,1,1,1,1,1,1,1,1,1,1,1,1,1,1,1,1,1,1,1,1,1,1,1,1,1,1,1,1,1,1,1,1,1,1,1,1,1,1,1,1,1,1,1,1,1,1,1,1,1,1,1,1,1
2106,BC,CWQS,NCEP,1,1,0,0,0,1,0,1,1,1,1,1,1,0,0,1,1,0,1,1,1,1,1,0,0,1,1,0,1,1,1,1,1,1,1,1,1,1,1,0,1,1,1,1,1,1,1,1,1,1,1,1,1,1,1,1,0,1,1,1,1,1,1
2114,BC,CWRU,NCEP,1,1,0,0,0,1,0,1,1,1,1,1,1,1,0,1,1,1,1,1,1,1,1,1,0,1,1,1,1,1,1,1,1,1,1,1,1,1,1,1,1,1,1,1,1,1,1,1,1,1,1,1,1,1,1,1,1,1,1,1,1,1,1
2746,BC,CYDQ,NCEP,1,1,0,0,0,1,0,1,1,1,1,1,1,0,0,1,1,1,1,1,1,1,1,1,0,1,1,1,1,1,1,1,1,1,1,1,1,1,1,1,1,1,1,1,1,1,1,1,1,1,1,1,1,1,1,1,0,1,1,1,1,1,1
426,BC,Daisy Lake Dam,BCHydro,1,0,1,0,1,1,1,1,1,1,1,1,1,1,1,1,1,1,1,1,1,1,1,1,1,1,1,1,1,1,1,1,1,1,1,1,1,1,1,1,1,1,1,1,1,1,1,1,1,1,1,1,1,1,1,1,1,1,1,1,1,1,1
587,BC,Dawson Creek Airport (ATI),NAVCAN,1,1,1,1,1,1,0,1,1,1,1,1,1,0,0,1,1,1,1,1,1,1,1,1,0,1,1,1,1,1,1,1,1,1,1,1,1,1,1,1,1,1,1,1,1,1,1,1,1,1,1,1,1,1,1,1,0,1,1,1,1,1,1
3583,BC,Dease Lake A,NAVCAN,1,1,1,1,1,1,0,1,1,1,1,1,0,0,0,1,1,0,1,1,1,1,1,0,0,1,1,0,1,1,1,1,1,1,1,1,1,1,1,0,1,1,1,1,1,1,1,1,1,1,1,1,1,1,1,1,0,1,1,1,1,1,1
636,BC,Dease Lake (AU8),NAVCAN,1,1,1,1,1,1,0,0,1,1,1,1,0,0,0,1,1,0,1,1,1,1,1,0,0,1,1,0,1,1,1,1,1,1,1,1,1,1,1,0,1,1,1,1,1,1,1,1,1,1,1,1,1,1,1,1,0,1,1,1,1,1,1
2065,BC,Dease Lake,NCEP,1,1,0,0,0,1,0,0,1,1,1,1,0,0,0,1,1,0,1,1,1,1,1,0,0,1,1,0,1,1,1,1,1,1,1,1,1,1,1,0,1,1,1,1,1,1,1,1,1,1,1,1,1,1,1,1,0,1,1,1,1,1,1
3545,BC,Delta Burns Bog,EC,1,1,1,1,1,1,1,1,1,1,1,1,1,1,1,1,1,1,1,1,1,1,1,1,1,1,1,1,1,1,1,1,1,1,1,1,1,1,1,1,1,1,1,1,1,1,1,1,1,1,1,1,1,1,1,1,1,1,1,1,1,1,1
3591,BC,Delta City Hall,UBC_RS,1,1,1,0,0,1,1,1,1,1,1,1,1,1,1,1,1,1,1,1,1,1,1,1,1,1,1,1,1,1,1,1,1,1,1,1,1,1,1,1,1,1,1,1,1,1,1,1,1,1,1,1,1,1,1,1,1,1,1,1,1,1,1
3599,BC,Delta Firehall no. 3,UBC_RS,1,1,1,0,0,1,1,1,1,1,1,1,1,1,1,1,1,1,1,1,1,1,1,1,1,1,1,1,1,1,1,1,1,1,1,1,1,1,1,1,1,1,1,1,1,1,1,1,1,1,1,1,1,1,1,1,1,1,1,1,1,1,1
617,BC,Discovery Island CS,EC,1,1,0,0,0,1,1,1,1,1,1,1,1,1,1,1,1,1,1,1,1,1,1,1,1,1,1,1,1,1,1,1,1,1,1,1,1,1,1,1,1,1,1,1,1,1,1,1,1,1,1,1,1,1,1,1,1,1,1,1,1,1,1
412,BC,Douglas College,GVRD,1,1,1,0,0,1,1,0,1,1,1,1,1,1,1,1,1,1,1,1,1,1,1,1,1,1,1,1,1,1,1,1,1,1,1,1,1,1,1,1,1,1,1,1,1,1,1,1,1,1,1,1,1,1,1,1,1,1,1,1,1,1,1
3157,BC,Duncan Lake Dam,BCHydro,0,0,0,0,1,1,0,1,1,1,1,1,1,1,0,1,1,1,1,1,1,1,1,1,0,1,1,1,1,1,1,1,1,1,1,1,1,1,1,1,1,1,1,1,1,1,1,1,1,1,1,1,1,1,1,1,0,1,1,1,1,1,1
445,BC,Elk R. above Campbell Lk.,BCHydro,1,0,1,0,1,1,0,1,1,1,1,1,1,1,1,1,1,1,1,1,1,1,1,1,0,1,1,1,1,1,1,1,1,1,1,1,1,1,1,1,1,1,1,1,1,1,1,1,1,1,1,1,1,1,1,1,1,1,1,1,1,1,1
446,BC,Elsie Lk. forebay,BCHydro,1,0,1,0,1,1,1,1,1,1,1,1,1,1,1,1,1,1,1,1,1,1,1,1,1,1,1,1,1,1,1,1,1,1,1,1,1,1,1,1,1,1,1,1,1,1,1,1,1,1,1,1,1,1,1,1,1,1,1,1,1,1,1
2631,BC,Entrance Island,EC,1,1,1,1,1,1,1,1,1,1,1,1,1,1,1,1,1,1,1,1,1,1,1,1,1,1,1,1,1,1,1,1,1,1,1,1,1,1,1,1,1,1,1,1,1,1,1,1,1,1,1,1,1,1,1,1,1,1,1,1,1,1,1
447,BC,Eric Ck.,BCHydro,1,0,1,0,1,1,1,1,1,1,1,1,1,1,1,1,1,1,1,1,1,1,1,1,1,1,1,1,1,1,1,1,1,1,1,1,1,1,1,1,1,1,1,1,1,1,1,1,1,1,1,1,1,1,1,1,1,1,1,1,1,1,1
2094,BC,Esquimalt CWPF,NCEP,1,1,0,0,0,1,1,1,1,1,1,1,1,1,1,1,1,1,1,1,1,1,1,1,1,1,1,1,1,1,1,1,1,1,1,1,1,1,1,1,1,1,1,1,1,1,1,1,1,1,1,1,1,1,1,1,1,1,1,1,1,1,1
645,BC,Esquimalt Harbour (AU8),EC,1,1,1,1,1,1,1,1,1,1,1,1,1,1,1,1,1,1,1,1,1,1,1,1,1,1,1,1,1,1,1,1,1,1,1,1,1,1,1,1,1,1,1,1,1,1,1,1,1,1,1,1,1,1,1,1,1,1,1,1,1,1,1
2629,BC,Estevan Point,EC,1,1,1,0,0,1,0,1,1,1,1,1,1,1,0,1,1,1,1,1,1,1,1,1,0,1,1,1,1,1,1,1,1,1,1,1,1,1,1,1,1,1,1,1,1,1,1,1,1,1,1,1,1,1,1,1,1,1,1,1,1,1,1
683,BC,Fanny Island,EC,1,1,1,1,1,1,0,1,1,1,1,1,1,1,0,1,1,1,1,1,1,1,1,1,0,1,1,1,1,1,1,1,1,1,1,1,1,1,1,1,1,1,1,1,1,1,1,1,1,1,1,1,1,1,1,1,1,1,1,1,1,1,1
3158,BC,Fauquier,BCHydro,0,0,0,0,1,1,0,1,1,1,1,1,1,1,0,1,1,1,1,1,1,1,1,1,0,1,1,1,1,1,1,1,1,1,1,1,1,1,1,1,1,1,1,1,1,1,1,1,1,1,1,1,1,1,1,1,0,1,1,1,1,1,1
495,BC,Finlay R. above Akie R.,BCHydro,0,0,0,0,1,1,0,1,1,1,1,1,1,0,0,1,1,0,1,1,1,1,1,0,0,1,1,0,1,1,1,1,1,1,1,1,1,1,1,1,1,1,1,1,1,1,1,1,1,1,1,1,1,1,1,1,0,1,1,1,1,1,1
606,BC,Fort Nelson Airport (ATI),NAVCAN,1,1,0,1,0,1,0,1,1,1,1,1,1,0,0,1,1,0,1,1,1,1,1,0,0,1,1,0,1,1,1,1,1,1,1,1,1,1,1,0,1,1,1,1,1,1,1,1,1,1,1,1,1,1,1,1,0,1,1,1,1,1,1
3550,BC,Fort Nelson,EC,1,1,1,1,1,1,0,1,1,1,1,1,1,0,0,1,1,0,1,1,1,1,1,0,0,1,1,0,1,1,1,1,1,1,1,1,1,1,1,0,1,1,1,1,1,1,1,1,1,1,1,1,1,1,1,1,0,1,1,1,1,1,1
3551,BC,Fort St. James Auto,EC,1,1,1,1,1,1,0,1,1,1,1,1,1,0,0,1,1,1,1,1,1,1,1,1,0,1,1,1,1,1,1,1,1,1,1,1,1,1,1,1,1,1,1,1,1,1,1,1,1,1,1,1,1,1,1,1,0,1,1,1,1,1,1
601,BC,Fort St. John Airport (W04ATO),NAVCAN,1,1,0,1,1,1,0,1,1,1,1,1,1,0,0,1,1,1,1,1,1,1,1,1,0,1,1,1,1,1,1,1,1,1,1,1,1,1,1,1,1,1,1,1,1,1,1,1,1,1,1,1,1,1,1,1,0,1,1,1,1,1,1
3164,BC,Germansen Landing,BCHydro,0,0,0,0,1,1,0,1,1,1,1,1,1,0,0,1,1,1,1,1,1,1,1,1,0,1,1,1,1,1,1,1,1,1,1,1,1,1,1,1,1,1,1,1,1,1,1,1,1,1,1,1,1,1,1,1,0,1,1,1,1,1,1
496,BC,GMS Hudson's Hope,BCHydro,1,0,1,0,1,1,0,1,1,1,1,1,1,0,0,1,1,1,1,1,1,1,1,1,0,1,1,1,1,1,1,1,1,1,1,1,1,1,1,1,1,1,1,1,1,1,1,1,1,1,1,1,1,1,1,1,0,1,1,1,1,1,1
417,BC,Gold Ck.,BCHydro,1,0,1,0,1,1,1,1,1,1,1,1,1,1,1,1,1,1,1,1,1,1,1,1,1,1,1,1,1,1,1,1,1,1,1,1,1,1,1,1,1,1,1,1,1,1,1,1,1,1,1,1,1,1,1,1,1,1,1,1,1,1,1
3552,BC,Golden Airport,EC,1,1,1,1,1,1,0,1,1,1,1,1,1,0,0,1,1,1,1,1,1,1,1,1,0,1,1,1,1,1,1,1,1,1,1,1,1,1,1,1,1,1,1,1,1,1,1,1,1,1,1,1,1,1,1,1,0,1,1,1,1,1,1
588,BC,Golden Airport (CON),NAVCAN,1,1,0,0,0,1,0,1,1,1,1,1,1,0,0,1,1,1,1,1,1,1,1,1,0,1,1,1,1,1,1,1,1,1,1,1,1,1,1,1,1,1,1,1,1,1,1,1,1,1,1,1,1,1,1,1,0,1,1,1,1,1,1
3162,BC,Golden,BCHydro,0,0,0,0,1,1,0,1,1,1,1,1,1,0,0,1,1,1,1,1,1,1,1,1,0,1,1,1,1,1,1,1,1,1,1,1,1,1,1,1,1,1,1,1,1,1,1,1,1,1,1,1,1,1,1,1,0,1,1,1,1,1,1
410,BC,Golden Ears Elementary School,GVRD,1,1,1,0,0,1,1,0,1,1,1,1,1,1,1,1,1,1,1,1,1,1,1,1,1,1,1,1,1,1,1,1,1,1,1,1,1,1,1,1,1,1,1,1,1,1,1,1,1,1,1,1,1,1,1,1,1,1,1,1,1,1,1
448,BC,Gold River,BCHydro,0,0,0,0,1,1,0,1,1,1,1,1,1,1,1,1,1,1,1,1,1,1,1,1,0,1,1,1,1,1,1,1,1,1,1,1,1,1,1,1,1,1,1,1,1,1,1,1,1,1,1,1,1,1,1,1,1,1,1,1,1,1,1
2630,BC,Grey Islet,EC,1,1,1,1,1,1,0,0,1,1,1,1,1,0,0,1,1,0,1,1,1,1,1,0,0,1,1,0,1,1,1,1,1,1,1,1,1,1,1,1,1,1,1,1,1,1,1,1,1,1,1,1,1,1,1,1,0,1,1,1,1,1,1
3576,BC,Grief Point,EC,0,1,0,0,0,1,1,1,1,1,1,1,1,1,1,1,1,1,1,1,1,1,1,1,1,1,1,1,1,1,1,1,1,1,1,1,1,1,1,1,1,1,1,1,1,1,1,1,1,1,1,1,1,1,1,1,1,1,1,1,1,1,1
497,BC,Halfway R. at Farrell Ck.,BCHydro,1,0,1,0,1,1,0,1,1,1,1,1,1,0,0,1,1,1,1,1,1,1,1,1,0,1,1,1,1,1,1,1,1,1,1,1,1,1,1,1,1,1,1,1,1,1,1,1,1,1,1,1,1,1,1,1,0,1,1,1,1,1,1
451,BC,Heber River,BCHydro,0,0,0,0,1,1,0,1,1,1,1,1,1,1,1,1,1,1,1,1,1,1,1,1,0,1,1,1,1,1,1,1,1,1,1,1,1,1,1,1,1,1,1,1,1,1,1,1,1,1,1,1,1,1,1,1,1,1,1,1,1,1,1
2033,BC,Helca Island,NCEP,1,1,0,0,0,1,0,1,1,1,1,1,1,0,0,1,1,0,1,1,1,1,1,0,0,1,1,0,1,1,1,1,1,1,1,1,1,1,1,1,1,1,1,1,1,1,1,1,1,1,1,1,1,1,1,1,0,1,1,1,1,1,1
639,BC,Herbert Island (AU4),EC,1,1,1,1,1,1,0,1,1,1,1,1,1,1,0,1,1,1,1,1,1,1,1,1,0,1,1,1,1,1,1,1,1,1,1,1,1,1,1,1,1,1,1,1,1,1,1,1,1,1,1,1,1,1,1,1,1,1,1,1,1,1,1
629,BC,Holland Rock,EC,1,1,1,1,1,1,0,1,1,1,1,1,1,0,0,1,1,0,1,1,1,1,1,0,0,1,1,0,1,1,1,1,1,1,1,1,1,1,1,1,1,1,1,1,1,1,1,1,1,1,1,1,1,1,1,1,0,1,1,1,1,1,1
3562,BC,Hoep Airport Auto,EC,1,1,1,1,1,1,0,1,1,1,1,1,1,1,1,1,1,1,1,1,1,1,1,1,0,1,1,1,1,1,1,1,1,1,1,1,1,1,1,1,1,1,1,1,1,1,1,1,1,1,1,1,1,1,1,1,1,1,1,1,1,1,1
409,BC,Hope Airport,GVRD,1,1,1,0,0,1,0,0,1,1,1,1,1,1,1,1,1,1,1,1,1,1,1,1,0,1,1,1,1,1,1,1,1,1,1,1,1,1,1,1,1,1,1,1,1,1,1,1,1,1,1,1,1,1,1,1,1,1,1,1,1,1,1
589,BC,Hope Airport (AU5),NAVCAN,1,1,1,24,24,1,0,1,1,1,1,1,1,1,1,1,1,1,1,1,1,1,1,1,0,1,1,1,1,1,1,1,1,1,1,1,1,1,1,1,1,1,1,1,1,1,1,1,1,1,1,1,1,1,1,1,1,1,1,1,1,1,1
498,BC,Horn Ck.,BCHydro,1,0,1,0,1,1,0,1,1,1,1,1,1,0,0,1,1,1,1,1,1,1,1,1,0,1,1,1,1,1,1,1,1,1,1,1,1,1,1,1,1,1,1,1,1,1,1,1,1,1,1,1,1,1,1,1,0,1,1,1,1,1,1
3341,BC,Horseshoe Bay,GVRD,1,1,1,0,0,1,1,0,1,1,1,1,1,1,1,1,1,1,1,1,1,1,1,1,1,1,1,1,1,1,1,1,1,1,1,1,1,1,1,1,1,1,1,1,1,1,1,1,1,1,1,1,1,1,1,1,1,1,1,1,1,1,1
499,BC,Ingenika R. above Swannell R.,BCHydro,0,0,0,0,1,1,0,1,1,1,1,1,1,0,0,1,1,0,1,1,1,1,1,0,0,1,1,0,1,1,1,1,1,1,1,1,1,1,1,1,1,1,1,1,1,1,1,1,1,1,1,1,1,1,1,1,0,1,1,1,1,1,1
2014,BC,Island Lake,NCEP,1,1,0,0,0,1,1,1,1,1,1,1,1,1,1,1,1,1,1,1,1,1,1,1,1,1,1,1,1,1,1,1,1,1,1,1,1,1,1,1,1,1,1,1,1,1,1,1,1,1,1,1,1,1,1,1,1,1,1,1,1,1,1
590,BC,Kamloops Airport,NAVCAN,1,1,0,1,0,1,0,1,1,1,1,1,1,1,0,1,1,1,1,1,1,1,1,1,0,1,1,1,1,1,1,1,1,1,1,1,1,1,1,1,1,1,1,1,1,1,1,1,1,1,1,1,1,1,1,1,0,1,1,1,1,1,1
3581,BC,Kamloops Aut,EC,1,1,1,1,1,1,0,1,1,1,1,1,1,1,0,1,1,1,1,1,1,1,1,1,0,1,1,1,1,1,1,1,1,1,1,1,1,1,1,1,1,1,1,1,1,1,1,1,1,1,1,1,1,1,1,1,0,1,1,1,1,1,1
591,BC,Kelowna Airport,NAVCAN,1,1,1,1,1,1,0,1,1,1,1,1,1,1,0,1,1,1,1,1,1,1,1,1,0,1,1,1,1,1,1,1,1,1,1,1,1,1,1,1,1,1,1,1,1,1,1,1,1,1,1,1,1,1,1,1,0,1,1,1,1,1,1
3553,BC,Kelowna UBCO,EC,1,0,1,1,1,1,0,1,1,1,1,1,1,1,0,1,1,1,1,1,1,1,1,1,0,1,1,1,1,1,1,1,1,1,1,1,1,1,1,1,1,1,1,1,1,1,1,1,1,1,1,1,1,1,1,1,0,1,1,1,1,1,1
681,BC,Kelp Reef CS,EC,0,1,0,0,0,1,1,1,1,1,1,1,1,1,1,1,1,1,1,1,1,1,1,1,1,1,1,1,1,1,1,1,1,1,1,1,1,1,1,1,1,1,1,1,1,1,1,1,1,1,1,1,1,1,1,1,1,1,1,1,1,1,1
392,BC,Kensington Park,GVRD,1,1,0,0,0,1,1,0,1,1,1,1,1,1,1,1,1,1,1,1,1,1,1,1,1,1,1,1,1,1,1,1,1,1,1,1,1,1,1,1,1,1,1,1,1,1,1,1,1,1,1,1,1,1,1,1,1,1,1,1,1,1,1
651,BC,Kindakun Rocks,EC,1,1,1,1,1,1,0,1,1,1,1,1,1,0,0,1,1,0,1,1,1,1,1,0,0,1,1,0,1,1,1,1,1,1,1,1,1,1,1,0,1,1,1,1,1,1,1,1,1,1,1,1,1,1,1,1,0,1,1,1,1,1,1
3522,BC,Kootenay Loop,CMBC,1,1,1,0,0,1,1,1,1,1,1,1,1,1,1,1,1,1,1,1,1,1,1,1,1,1,1,1,1,1,1,1,1,1,1,1,1,1,1,1,1,1,1,1,1,1,1,1,1,1,1,1,1,1,1,1,1,1,1,1,1,1,1
3310,BC,Kootenay NP West Gate,BCHydro,0,0,0,0,1,1,0,1,1,1,1,1,0,0,0,1,1,1,1,1,1,1,1,1,0,1,1,1,1,1,1,1,1,1,1,1,1,1,1,1,1,1,1,1,1,1,1,1,1,1,1,1,1,1,1,1,0,1,1,1,1,1,1
500,BC,Kwadacha North,BCHydro,0,0,0,0,1,1,0,1,1,1,1,1,1,0,0,1,1,0,1,1,1,1,1,0,0,1,1,0,1,1,1,1,1,1,1,1,1,1,1,0,1,1,1,1,1,1,1,1,1,1,1,1,1,1,1,1,0,1,1,1,1,1,1
437,BC,LaJoie Upper,BCHydro,1,0,1,0,1,1,0,1,1,1,1,1,1,1,1,1,1,1,1,1,1,1,1,1,0,1,1,1,1,1,1,1,1,1,1,1,1,1,1,1,1,1,1,1,1,1,1,1,1,1,1,1,1,1,1,1,1,1,1,1,1,1,1
632,BC,Langara CS (AU8),EC,1,1,1,0,0,1,0,1,1,1,1,1,1,0,0,1,1,0,1,1,1,1,1,0,0,1,1,0,1,1,1,1,1,1,1,1,1,1,1,0,1,1,1,1,1,1,1,1,1,1,1,1,1,1,1,1,0,1,1,1,1,1,1
407,BC,Langley Central,GVRD,1,1,1,0,0,1,1,0,1,1,1,1,1,1,1,1,1,1,1,1,1,1,1,1,1,1,1,1,1,1,1,1,1,1,1,1,1,1,1,1,1,1,1,1,1,1,1,1,1,1,1,1,1,1,1,1,1,1,1,1,1,1,1
634,BC,Lillooet,EC,1,0,1,1,1,1,0,1,1,1,1,1,1,1,1,1,1,1,1,1,1,1,1,1,0,1,1,1,1,1,1,1,1,1,1,1,1,1,1,1,1,1,1,1,1,1,1,1,1,1,1,1,1,1,1,1,1,1,1,1,1,1,1
637,BC,Lucy Island (AU8),EC,1,1,0,0,0,1,0,1,1,1,1,1,1,0,0,1,1,0,1,1,1,1,1,0,0,1,1,0,1,1,1,1,1,1,1,1,1,1,1,1,1,1,1,1,1,1,1,1,1,1,1,1,1,1,1,1,0,1,1,1,1,1,1
567,BC,Lytton (AU5),NAVCAN,1,1,1,1,1,1,0,1,1,1,1,1,1,1,1,1,1,1,1,1,1,1,1,1,0,1,1,1,1,1,1,1,1,1,1,1,1,1,1,1,1,1,1,1,1,1,1,1,1,1,1,1,1,1,1,1,1,1,1,1,1,1,1
3554,BC,Lytton,EC,1,1,1,1,1,1,0,1,1,1,1,1,1,1,1,1,1,1,1,1,1,1,1,1,0,1,1,1,1,1,1,1,1,1,1,1,1,1,1,1,1,1,1,1,1,1,1,1,1,1,1,1,1,1,1,1,1,1,1,1,1,1,1
3575,BC,Mackenzie Airport RCS,EC,1,1,1,1,1,1,0,1,1,1,1,1,1,0,0,1,1,1,1,1,1,1,1,1,0,1,1,1,1,1,1,1,1,1,1,1,1,1,1,1,1,1,1,1,1,1,1,1,1,1,1,1,1,1,1,1,0,1,1,1,1,1,1
611,BC,Mackenzie Airport (AU5),NAVCAN,1,1,1,1,1,1,0,1,1,1,1,1,1,0,0,1,1,1,1,1,1,1,1,1,0,1,1,1,1,1,1,1,1,1,1,1,1,1,1,1,1,1,1,1,1,1,1,1,1,1,1,1,1,1,1,1,0,1,1,1,1,1,1
3577,YT,MacMillian Pass,EC,1,1,1,1,1,1,0,1,1,1,0,0,0,0,0,1,0,0,1,1,0,1,0,0,0,1,0,0,1,0,1,0,1,0,1,1,1,1,0,0,1,0,1,1,0,1,1,0,1,1,0,1,1,0,0,0,0,1,1,1,1,0,1
406,BC,Mahon Park,GVRD,1,1,1,0,0,1,1,0,1,1,1,1,1,1,1,1,1,1,1,1,1,1,1,1,1,1,1,1,1,1,1,1,1,1,1,1,1,1,1,1,1,1,1,1,1,1,1,1,1,1,1,1,1,1,1,1,1,1,1,1,1,1,1
635,BC,Malahat (AU8),EC,1,0,1,1,1,1,1,1,1,1,1,1,1,1,1,1,1,1,1,1,1,1,1,1,1,1,1,1,1,1,1,1,1,1,1,1,1,1,1,1,1,1,1,1,1,1,1,1,1,1,1,1,1,1,1,1,1,1,1,1,1,1,1
2061,BC,Malahat CWKH,NCEP,1,0,0,0,0,1,1,1,1,1,1,1,1,1,1,1,1,1,1,1,1,1,1,1,1,1,1,1,1,1,1,1,1,1,1,1,1,1,1,1,1,1,1,1,1,1,1,1,1,1,1,1,1,1,1,1,1,1,1,1,1,1,1
3579,BC,Margaret Lake,EC,1,1,1,1,1,1,0,1,1,0,0,0,0,0,0,0,0,0,0,0,0,0,0,0,0,0,0,0,0,0,0,0,0,0,1,1,1,0,0,0,0,0,1,0,0,1,0,0,1,0,0,1,0,0,0,0,0,1,1,1,1,0,1
3585,BC,Massett,NAVCAN,1,1,0,1,0,1,0,1,1,1,1,1,1,0,0,1,1,0,1,1,1,1,1,0,0,1,1,0,1,1,1,1,1,1,1,1,1,1,1,0,1,1,1,1,1,1,1,1,1,1,1,1,1,1,1,1,0,1,1,1,1,1,1
502,BC,McQue Terrace,BCHydro,1,0,1,0,1,1,0,1,1,1,1,1,1,0,0,1,1,1,1,1,1,1,1,1,0,1,1,1,1,1,1,1,1,1,1,1,1,1,1,1,1,1,1,1,1,1,1,1,1,1,1,1,1,1,1,1,0,1,1,1,1,1,1
401,BC,Meadowlands Elementary School,GVRD,1,1,1,0,0,1,1,0,1,1,1,1,1,1,1,1,1,1,1,1,1,1,1,1,1,1,1,1,1,1,1,1,1,1,1,1,1,1,1,1,1,1,1,1,1,1,1,1,1,1,1,1,1,1,1,1,1,1,1,1,1,1,1
3555,BC,Merritt,EC,1,1,1,1,1,1,0,1,1,1,1,1,1,1,1,1,1,1,1,1,1,1,1,1,0,1,1,1,1,1,1,1,1,1,1,1,1,1,1,1,1,1,1,1,1,1,1,1,1,1,1,1,1,1,1,1,0,1,1,1,1,1,1
2104,BC,Metchosin CWQK,NCEP,1,1,0,0,0,1,1,1,1,1,1,1,1,1,1,1,1,1,1,1,1,1,1,1,1,1,1,1,1,1,1,1,1,1,1,1,1,1,1,1,1,1,1,1,1,1,1,1,1,1,1,1,1,1,1,1,1,1,1,1,1,1,1
3311,BC,Mica Dam,BCHydro,0,0,0,0,1,1,0,1,1,1,1,1,1,1,0,1,1,1,1,1,1,1,1,1,0,1,1,1,1,1,1,1,1,1,1,1,1,1,1,1,1,1,1,1,1,1,1,1,1,1,1,1,1,1,1,1,0,1,1,1,1,1,1
438,BC,Mission Ridge,BCHydro,0,0,0,0,1,1,0,1,1,1,1,1,1,1,1,1,1,1,1,1,1,1,1,1,0,1,1,1,1,1,1,1,1,1,1,1,1,1,1,1,1,1,1,1,1,1,1,1,1,1,1,1,1,1,1,1,1,1,1,1,1,1,1
486,BC,Molson Creek,BCHydro,0,0,0,0,1,1,0,1,1,1,1,1,1,1,0,1,1,1,1,1,1,1,1,1,0,1,1,1,1,1,1,1,1,1,1,1,1,1,1,1,1,1,1,1,1,1,1,1,1,1,1,1,1,1,1,1,0,1,1,1,1,1,1
487,BC,Morrissey Ridge,BCHydro,0,0,0,0,1,1,0,1,1,1,1,1,0,0,0,1,1,1,1,1,1,1,1,1,0,1,1,1,1,1,1,1,1,1,1,1,1,1,1,1,1,1,1,1,1,1,1,1,1,1,1,1,1,1,1,1,0,1,1,1,1,1,1
488,BC,Mount Revelstoke,BCHydro,0,0,0,0,1,1,0,1,1,1,1,1,1,1,0,1,1,1,1,1,1,1,1,1,0,1,1,1,1,1,1,1,1,1,1,1,1,1,1,1,1,1,1,1,1,1,1,1,1,1,1,1,1,1,1,1,0,1,1,1,1,1,1
643,BC,Nakusp (AU8),EC,1,1,1,1,1,1,0,1,1,1,1,1,1,1,0,1,1,1,1,1,1,1,1,1,0,1,1,1,1,1,1,1,1,1,1,1,1,1,1,1,1,1,1,1,1,1,1,1,1,1,1,1,1,1,1,1,0,1,1,1,1,1,1
582,BC,Nanaimo Airport (ATI),NAVCAN,1,1,0,0,0,1,1,1,1,1,1,1,1,1,1,1,1,1,1,1,1,1,1,1,1,1,1,1,1,1,1,1,1,1,1,1,1,1,1,1,1,1,1,1,1,1,1,1,1,1,1,1,1,1,1,1,1,1,1,1,1,1,1
642,BC,Nelson (AU8),EC,1,1,1,1,1,1,0,1,1,1,1,1,1,1,0,1,1,1,1,1,1,1,1,1,0,1,1,1,1,1,1,1,1,1,1,1,1,1,1,1,1,1,1,1,1,1,1,1,1,1,1,1,1,1,1,1,0,1,1,1,1,1,1
3558,BC,North Cowichan,EC,1,1,1,1,1,1,1,1,1,1,1,1,1,1,1,1,1,1,1,1,1,1,1,1,1,1,1,1,1,1,1,1,1,1,1,1,1,1,1,1,1,1,1,1,1,1,1,1,1,1,1,1,1,1,1,1,1,1,1,1,1,1,1
396,BC,North Delta,GVRD,1,1,1,0,0,1,1,0,1,1,1,1,1,1,1,1,1,1,1,1,1,1,1,1,1,1,1,1,1,1,1,1,1,1,1,1,1,1,1,1,1,1,1,1,1,1,1,1,1,1,1,1,1,1,1,1,1,1,1,1,1,1,1
439,BC,North Tyaughton Ck.,BCHydro,1,0,1,0,1,1,0,1,1,1,1,1,1,1,1,1,1,1,1,1,1,1,1,1,0,1,1,1,1,1,1,1,1,1,1,1,1,1,1,1,1,1,1,1,1,1,1,1,1,1,1,1,1,1,1,1,1,1,1,1,1,1,1
2074,BC,Ocean Falls CWME,NCEP,1,1,0,0,0,1,0,1,1,1,1,1,1,0,0,1,1,1,1,1,1,1,1,1,0,1,1,1,1,1,1,1,1,1,1,1,1,1,1,1,1,1,1,1,1,1,1,1,1,1,1,1,1,1,1,1,0,1,1,1,1,1,1
3566,BC,Ootsa Lakeskins Lake Climate,EC,1,1,1,1,1,1,0,1,1,1,1,1,1,0,0,1,1,1,1,1,1,1,1,1,0,1,1,1,1,1,1,1,1,1,1,1,1,1,1,1,1,1,1,1,1,1,1,1,1,1,1,1,1,1,1,1,0,1,1,1,1,1,1
678,BC,Osoyoos (AU8),EC,1,1,1,1,1,1,0,1,1,1,1,1,1,1,0,1,1,1,1,1,1,1,1,1,0,1,1,1,1,1,1,1,1,1,1,1,1,1,1,1,1,1,1,1,1,1,1,1,1,1,1,1,1,1,1,1,0,1,1,1,1,1,1
3317,BC,OTC,CMBC,1,1,1,0,0,1,1,1,1,1,1,1,1,1,1,1,1,1,1,1,1,1,1,1,1,1,1,1,1,1,1,1,1,1,1,1,1,1,1,1,1,1,1,1,1,1,1,1,1,1,1,1,1,1,1,1,1,1,1,1,1,1,1
615,BC,Pam Rocks (AU8),EC,1,1,1,1,1,1,1,1,1,1,1,1,1,1,1,1,1,1,1,1,1,1,1,1,1,1,1,1,1,1,1,1,1,1,1,1,1,1,1,1,1,1,1,1,1,1,1,1,1,1,1,1,1,1,1,1,1,1,1,1,1,1,1
3578,BC,Pemberton Airport (Wind),EC,1,1,0,0,0,1,0,1,1,1,1,1,1,1,1,1,1,1,1,1,1,1,1,1,0,1,1,1,1,1,1,1,1,1,1,1,1,1,1,1,1,1,1,1,1,1,1,1,1,1,1,1,1,1,1,1,1,1,1,1,1,1,1
625,BC,Pemberton Airport CS (AU8),NAVCAN,1,0,1,1,1,1,0,1,1,1,1,1,1,1,1,1,1,1,1,1,1,1,1,1,0,1,1,1,1,1,1,1,1,1,1,1,1,1,1,1,1,1,1,1,1,1,1,1,1,1,1,1,1,1,1,1,1,1,1,1,1,1,1
607,BC,Penticton Airport (WS3/ATO),NAVCAN,1,1,0,1,0,1,0,1,1,1,1,1,1,1,0,1,1,1,1,1,1,1,1,1,0,1,1,1,1,1,1,1,1,1,1,1,1,1,1,1,1,1,1,1,1,1,1,1,1,1,1,1,1,1,1,1,0,1,1,1,1,1,1
513,BC,Pine Pass,BCHydro,1,0,1,0,1,1,0,1,1,1,1,1,1,0,0,1,1,1,1,1,1,1,1,1,0,1,1,1,1,1,1,1,1,1,1,1,1,1,1,1,1,1,1,1,1,1,1,1,1,1,1,1,1,1,1,1,0,1,1,1,1,1,1
641,BC,Pitt Meadows (AU8),EC,1,1,1,1,1,1,1,1,1,1,1,1,1,1,1,1,1,1,1,1,1,1,1,1,1,1,1,1,1,1,1,1,1,1,1,1,1,1,1,1,1,1,1,1,1,1,1,1,1,1,1,1,1,1,1,1,1,1,1,1,1,1,1
654,BC,Point Atkinson CS (AU8),EC,1,1,1,0,0,1,1,1,1,1,1,1,1,1,1,1,1,1,1,1,1,1,1,1,1,1,1,1,1,1,1,1,1,1,1,1,1,1,1,1,1,1,1,1,1,1,1,1,1,1,1,1,1,1,1,1,1,1,1,1,1,1,1
649,BC,Port Alberni (AU2),EC,1,1,1,0,0,1,1,1,1,1,1,1,1,1,1,1,1,1,1,1,1,1,1,1,1,1,1,1,1,1,1,1,1,1,1,1,1,1,1,1,1,1,1,1,1,1,1,1,1,1,1,1,1,1,1,1,1,1,1,1,1,1,1
610,BC,Port Hardy Airport (W04/ATO),NAVCAN,1,1,0,1,0,1,0,1,1,1,1,1,1,1,0,1,1,1,1,1,1,1,1,1,0,1,1,1,1,1,1,1,1,1,1,1,1,1,1,1,1,1,1,1,1,1,1,1,1,1,1,1,1,1,1,1,1,1,1,1,1,1,1
3557,BC,Port Mellon,EC,1,1,1,1,1,1,1,1,1,1,1,1,1,1,1,1,1,1,1,1,1,1,1,1,1,1,1,1,1,1,1,1,1,1,1,1,1,1,1,1,1,1,1,1,1,1,1,1,1,1,1,1,1,1,1,1,1,1,1,1,1,1,1
3559,BC,Powell River Airport,EC,1,0,1,1,1,1,1,1,1,1,1,1,1,1,1,1,1,1,1,1,1,1,1,1,1,1,1,1,1,1,1,1,1,1,1,1,1,1,1,1,1,1,1,1,1,1,1,1,1,1,1,1,1,1,1,1,1,1,1,1,1,1,1
593,BC,Powell River Airport (CON),NAVCAN,1,1,0,0,1,1,1,1,1,1,1,1,1,1,1,1,1,1,1,1,1,1,1,1,1,1,1,1,1,1,1,1,1,1,1,1,1,1,1,1,1,1,1,1,1,1,1,1,1,1,1,1,1,1,1,1,1,1,1,1,1,1,1
3571,BC,Prince George Airport Auto,EC,1,1,1,1,1,1,0,1,1,1,1,1,1,0,0,1,1,1,1,1,1,1,1,1,0,1,1,1,1,1,1,1,1,1,1,1,1,1,1,1,1,1,1,1,1,1,1,1,1,1,1,1,1,1,1,1,0,1,1,1,1,1,1
602,BC,Prince George Airport (WO4),NAVCAN,1,1,1,1,1,1,0,1,1,1,1,1,1,0,0,1,1,1,1,1,1,1,1,1,0,1,1,1,1,1,1,1,1,1,1,1,1,1,1,1,1,1,1,1,1,1,1,1,1,1,1,1,1,1,1,1,0,1,1,1,1,1,1
3563,BC,Prince George Massey Auto,EC,1,1,1,1,1,1,0,1,1,1,1,1,1,0,0,1,1,1,1,1,1,1,1,1,0,1,1,1,1,1,1,1,1,1,1,1,1,1,1,1,1,1,1,1,1,1,1,1,1,1,1,1,1,1,1,1,0,1,1,1,1,1,1
592,BC,Prince Rupert Airprot (ATI),NAVCAN,1,1,1,1,1,1,0,1,1,1,1,1,1,0,0,1,1,0,1,1,1,1,1,0,0,1,1,0,1,1,1,1,1,1,1,1,1,1,1,1,1,1,1,1,1,1,1,1,1,1,1,1,1,1,1,1,0,1,1,1,1,1,1
586,BC,Princeton Airport (CON),NAVCAN,1,1,0,0,0,1,0,1,1,1,1,1,1,1,1,1,1,1,1,1,1,1,1,1,0,1,1,1,1,1,1,1,1,1,1,1,1,1,1,1,1,1,1,1,1,1,1,1,1,1,1,1,1,1,1,1,0,1,1,1,1,1,1
646,BC,Princeton (AU8),EC,1,1,1,1,1,1,0,1,1,1,1,1,1,1,1,1,1,1,1,1,1,1,1,1,0,1,1,1,1,1,1,1,1,1,1,1,1,1,1,1,1,1,1,1,1,1,1,1,1,1,1,1,1,1,1,1,0,1,1,1,1,1,1
647,BC,Puntzi Mountain (AU2),EC,1,1,1,1,1,1,0,1,1,1,1,1,1,1,0,1,1,1,1,1,1,1,1,1,0,1,1,1,1,1,1,1,1,1,1,1,1,1,1,1,1,1,1,1,1,1,1,1,1,1,1,1,1,1,1,1,1,1,1,1,1,1,1
3560,BC,Qualicum Beach Airport,EC,1,1,1,1,1,1,1,1,1,1,1,1,1,1,1,1,1,1,1,1,1,1,1,1,1,1,1,1,1,1,1,1,1,1,1,1,1,1,1,1,1,1,1,1,1,1,1,1,1,1,1,1,1,1,1,1,1,1,1,1,1,1,1
3507,BC,Quality Wind,BCHydro,0,1,0,0,0,1,0,1,1,1,1,1,1,0,0,1,1,1,1,1,1,1,1,1,0,1,1,1,1,1,1,1,1,1,1,1,1,1,1,1,1,1,1,1,1,1,1,1,1,1,1,1,1,1,1,1,0,1,1,1,1,1,1
3564,BC,Quesnel Airport Auto,EC,1,1,1,1,1,1,0,1,1,1,1,1,1,0,0,1,1,1,1,1,1,1,1,1,0,1,1,1,1,1,1,1,1,1,1,1,1,1,1,1,1,1,1,1,1,1,1,1,1,1,1,1,1,1,1,1,0,1,1,1,1,1,1
595,BC,Quesnel Airport (ATI),NAVCAN,1,1,1,1,1,1,0,1,1,1,1,1,1,0,0,1,1,1,1,1,1,1,1,1,0,1,1,1,1,1,1,1,1,1,1,1,1,1,1,1,1,1,1,1,1,1,1,1,1,1,1,1,1,1,1,1,0,1,1,1,1,1,1
650,BC,Race Rocks (AU8),EC,1,1,0,0,0,1,1,1,1,1,1,1,1,1,1,1,1,1,1,1,1,1,1,1,1,1,1,1,1,1,1,1,1,1,1,1,1,1,1,1,1,1,1,1,1,1,1,1,1,1,1,1,1,1,1,1,1,1,1,1,1,1,1
3565,BC,Revelstoke Airport Auto,EC,1,1,1,1,1,1,0,1,1,1,1,1,1,1,0,1,1,1,1,1,1,1,1,1,0,1,1,1,1,1,1,1,1,1,1,1,1,1,1,1,1,1,1,1,1,1,1,1,1,1,1,1,1,1,1,1,0,1,1,1,1,1,1
596,BC,Revelstoke Airport (AU5),NAVCAN,1,1,1,1,1,1,0,1,1,1,1,1,1,1,0,1,1,1,1,1,1,1,1,1,0,1,1,1,1,1,1,1,1,1,1,1,1,1,1,1,1,1,1,1,1,1,1,1,1,1,1,1,1,1,1,1,0,1,1,1,1,1,1
399,BC,Richmond South,GVRD,1,1,1,0,0,1,1,0,1,1,1,1,1,1,1,1,1,1,1,1,1,1,1,1,1,1,1,1,1,1,1,1,1,1,1,1,1,1,1,1,1,1,1,1,1,1,1,1,1,1,1,1,1,1,1,1,1,1,1,1,1,1,1
3160,BC,Roger's Pass,BCHydro,0,0,0,0,1,1,0,1,1,1,1,1,1,1,0,1,1,1,1,1,1,1,1,1,0,1,1,1,1,1,1,1,1,1,1,1,1,1,1,1,1,1,1,1,1,1,1,1,1,1,1,1,1,1,1,1,0,1,1,1,1,1,1
652,BC,Rose Spit (AU4),EC,1,1,1,0,0,1,0,1,1,1,1,1,1,0,0,1,1,0,1,1,1,1,1,0,0,1,1,0,1,1,1,1,1,1,1,1,1,1,1,1,1,1,1,1,1,1,1,1,1,1,1,1,1,1,1,1,0,1,1,1,1,1,1
656,BC,Salmon Arm (AU8),EC,1,1,1,1,1,1,0,1,1,1,1,1,1,1,0,1,1,1,1,1,1,1,1,1,0,1,1,1,1,1,1,1,1,1,1,1,1,1,1,1,1,1,1,1,1,1,1,1,1,1,1,1,1,1,1,1,0,1,1,1,1,1,1
671,BC,Sand Heads CS (AU8),EC,1,1,0,0,0,1,1,1,1,1,1,1,1,1,1,1,1,1,1,1,1,1,1,1,1,1,1,1,1,1,1,1,1,1,1,1,1,1,1,1,1,1,1,1,1,1,1,1,1,1,1,1,1,1,1,1,1,1,1,1,1,1,1
3574,BC,Sandspit Airport Auto,EC,1,1,1,0,0,1,0,1,1,1,1,1,1,0,0,1,1,1,1,1,1,1,1,1,0,1,1,1,1,1,1,1,1,1,1,1,1,1,1,1,1,1,1,1,1,1,1,1,1,1,1,1,1,1,1,1,0,1,1,1,1,1,1
609,BC,Sandspit Airport (AU5),NAVCAN,1,1,1,1,1,1,0,1,1,1,1,1,1,0,0,1,1,1,1,1,1,1,1,1,0,1,1,1,1,1,1,1,1,1,1,1,1,1,1,1,1,1,1,1,1,1,1,1,1,1,1,1,1,1,1,1,0,1,1,1,1,1,1
622,BC,Sartine Island (AU4),EC,1,1,1,1,1,1,0,1,1,1,1,1,1,0,0,1,1,1,1,1,1,1,1,1,0,1,1,1,1,1,1,1,1,1,1,1,1,1,1,1,1,1,1,1,1,1,1,1,1,1,1,1,1,1,1,1,0,1,1,1,1,1,1
3568,BC,Saturna Capmon CS,EC,1,1,1,1,1,1,1,1,1,1,1,1,1,1,1,1,1,1,1,1,1,1,1,1,1,1,1,1,1,1,1,1,1,1,1,1,1,1,1,1,1,1,1,1,1,1,1,1,1,1,1,1,1,1,1,1,1,1,1,1,1,1,1
2632,BC,Saturna Island,EC,1,1,1,1,1,1,1,1,1,1,1,1,1,1,1,1,1,1,1,1,1,1,1,1,1,1,1,1,1,1,1,1,1,1,1,1,1,1,1,1,1,1,1,1,1,1,1,1,1,1,1,1,1,1,1,1,1,1,1,1,1,1,1
2172,BC,Sayward CXFA,NCEP,1,1,0,0,0,1,0,1,1,1,1,1,1,1,0,1,1,1,1,1,1,1,1,1,0,1,1,1,1,1,1,1,1,1,1,1,1,1,1,1,1,1,1,1,1,1,1,1,1,1,1,1,1,1,1,1,1,1,1,1,1,1,1
3561,BC,Sechelt Airport,EC,1,1,1,1,1,1,1,1,1,1,1,1,1,1,1,1,1,1,1,1,1,1,1,1,1,1,1,1,1,1,1,1,1,1,1,1,1,1,1,1,1,1,1,1,1,1,1,1,1,1,1,1,1,1,1,1,1,1,1,1,1,1,1
3161,BC,Shalalth,BCHydro,0,0,0,0,1,1,0,1,1,1,1,1,1,1,1,1,1,1,1,1,1,1,1,1,0,1,1,1,1,1,1,1,1,1,1,1,1,1,1,1,1,1,1,1,1,1,1,1,1,1,1,1,1,1,1,1,1,1,1,1,1,1,1
657,BC,Sheringham Pt. (AU8),EC,1,1,1,1,1,1,1,1,1,1,1,1,1,1,1,1,1,1,1,1,1,1,1,1,1,1,1,1,1,1,1,1,1,1,1,1,1,1,1,1,1,1,1,1,1,1,1,1,1,1,1,1,1,1,1,1,1,1,1,1,1,1,1
626,BC,Sisters Island (AU8),EC,1,1,0,0,0,1,1,1,1,1,1,1,1,1,1,1,1,1,1,1,1,1,1,1,1,1,1,1,1,1,1,1,1,1,1,1,1,1,1,1,1,1,1,1,1,1,1,1,1,1,1,1,1,1,1,1,1,1,1,1,1,1,1
3573,BC,Smithers Airport Auto,EC,1,1,1,1,1,1,0,1,1,1,1,1,1,0,0,1,1,1,1,1,1,1,1,1,0,1,1,1,1,1,1,1,1,1,1,1,1,1,1,1,1,1,1,1,1,1,1,1,1,1,1,1,1,1,1,1,0,1,1,1,1,1,1
605,BC,Smithers Airport (ATI),NAVCAN,1,1,1,1,1,1,0,1,1,1,1,1,1,0,0,1,1,1,1,1,1,1,1,1,0,1,1,1,1,1,1,1,1,1,1,1,1,1,1,1,1,1,1,1,1,1,1,1,1,1,1,1,1,1,1,1,0,1,1,1,1,1,1
653,BC,Solander Island (AU4),EC,1,1,1,1,1,1,0,1,1,1,1,1,1,1,0,1,1,1,1,1,1,1,1,1,0,1,1,1,1,1,1,1,1,1,1,1,1,1,1,1,1,1,1,1,1,1,1,1,1,1,1,1,1,1,1,1,1,1,1,1,1,1,1
627,BC,Sparwood (AU8),EC,1,1,1,1,1,1,0,1,1,1,1,1,0,0,0,1,1,1,1,1,1,1,1,1,0,1,1,1,1,1,1,1,1,1,1,1,1,1,1,1,1,1,1,1,1,1,1,1,1,1,1,1,1,1,1,1,0,1,1,1,1,1,1
571,BC,Sparwood/Elk Valley (CON),NAVCAN,1,1,0,0,0,1,0,1,1,1,1,1,0,0,0,1,1,1,1,1,1,1,1,1,0,1,1,1,1,1,1,1,1,1,1,1,1,1,1,1,1,1,1,1,1,1,1,1,1,1,1,1,1,1,1,1,0,1,1,1,1,1,1
655,BC,Squamish Airport (AU8),EC,1,1,1,1,1,1,1,1,1,1,1,1,1,1,1,1,1,1,1,1,1,1,1,1,1,1,1,1,1,1,1,1,1,1,1,1,1,1,1,1,1,1,1,1,1,1,1,1,1,1,1,1,1,1,1,1,1,1,1,1,1,1,1
419,BC,Stave R. above Stave Lk.,BCHydro,1,0,1,0,1,1,1,1,1,1,1,1,1,1,1,1,1,1,1,1,1,1,1,1,1,1,1,1,1,1,1,1,1,1,1,1,1,1,1,1,1,1,1,1,1,1,1,1,1,1,1,1,1,1,1,1,1,1,1,1,1,1,1
420,BC,Stave R. Upper,BCHydro,1,0,1,0,1,1,1,1,1,1,1,1,1,1,1,1,1,1,1,1,1,1,1,1,1,1,1,1,1,1,1,1,1,1,1,1,1,1,1,1,1,1,1,1,1,1,1,1,1,1,1,1,1,1,1,1,1,1,1,1,1,1,1
612,BC,Stewart Airport (CON),NAVCAN,1,1,0,1,0,1,0,1,1,1,1,1,1,0,0,1,1,0,1,1,1,1,1,0,0,1,1,0,1,1,1,1,1,1,1,1,1,1,1,1,1,1,1,1,1,1,1,1,1,1,1,1,1,1,1,1,0,1,1,1,1,1,1
460,BC,Strathcona Dam,BCHydro,1,0,1,0,1,1,0,1,1,1,1,1,1,1,1,1,1,1,1,1,1,1,1,1,0,1,1,1,1,1,1,1,1,1,1,1,1,1,1,1,1,1,1,1,1,1,1,1,1,1,1,1,1,1,1,1,1,1,1,1,1,1,1
670,BC,Summerland (AU8),EC,1,1,1,1,1,1,0,1,1,1,1,1,1,1,0,1,1,1,1,1,1,1,1,1,0,1,1,1,1,1,1,1,1,1,1,1,1,1,1,1,1,1,1,1,1,1,1,1,1,1,1,1,1,1,1,1,0,1,1,1,1,1,1
398,BC,Surrey East,GVRD,1,1,1,0,0,1,1,0,1,1,1,1,1,1,1,1,1,1,1,1,1,1,1,1,1,1,1,1,1,1,1,1,1,1,1,1,1,1,1,1,1,1,1,1,1,1,1,1,1,1,1,1,1,1,1,1,1,1,1,1,1,1,1
684,BC,Tatlayoko Lake RCS,EC,1,1,1,1,1,1,0,1,1,1,1,1,1,1,0,1,1,1,1,1,1,1,1,1,0,1,1,1,1,1,1,1,1,1,1,1,1,1,1,1,1,1,1,1,1,1,1,1,1,1,1,1,1,1,1,1,1,1,1,1,1,1,1
603,BC,Terrace Airport (W04/ATO),NAVCAN,1,1,0,1,0,1,0,1,1,1,1,1,1,0,0,1,1,1,1,1,1,1,1,1,0,1,1,1,1,1,1,1,1,1,1,1,1,1,1,1,1,1,1,1,1,1,1,1,1,1,1,1,1,1,1,1,0,1,1,1,1,1,1
579,BC,Tofino Airport (CON),NAVCAN,1,1,0,0,0,1,1,1,1,1,1,1,1,1,1,1,1,1,1,1,1,1,1,1,1,1,1,1,1,1,1,1,1,1,1,1,1,1,1,1,1,1,1,1,1,1,1,1,1,1,1,1,1,1,1,1,1,1,1,1,1,1,1
3567,BC,Tsawwassen Ferry Auto,EC,0,1,0,0,0,1,1,1,1,1,1,1,1,1,1,1,1,1,1,1,1,1,1,1,1,1,1,1,1,1,1,1,1,1,1,1,1,1,1,1,1,1,1,1,1,1,1,1,1,1,1,1,1,1,1,1,1,1,1,1,1,1,1
2738,BC,Tsawwassen Firehall (Rooftop),UBC_RS,1,1,1,0,0,1,1,1,1,1,1,1,1,1,1,1,1,1,1,1,1,1,1,1,1,1,1,1,1,1,1,1,1,1,1,1,1,1,1,1,1,1,1,1,1,1,1,1,1,1,1,1,1,1,1,1,1,1,1,1,1,1,1
4014,BC,UBC Delta Firehall no. 7,UBC_RS,1,1,1,0,0,1,0,1,1,1,1,1,1,1,1,1,1,1,1,1,1,1,1,1,1,1,1,1,1,1,1,1,1,1,1,1,1,0,0,0,0,0,1,1,1,1,1,1,1,1,1,1,1,1,1,1,1,1,1,1,1,1,1
3510,BC,UBC ESB Rooftop,UBC_RS,1,1,1,0,0,1,1,1,1,1,1,1,1,1,1,1,1,1,1,1,1,1,1,1,1,1,1,1,1,1,1,1,1,1,1,1,1,1,1,1,1,1,1,1,1,1,1,1,1,1,1,1,1,1,1,1,1,1,1,1,1,1,1
428,BC,Upper Cheakamus,BCHydro,1,0,1,0,1,1,1,1,1,1,1,1,1,1,1,1,1,1,1,1,1,1,1,1,1,1,1,1,1,1,1,1,1,1,1,1,1,1,1,1,1,1,1,1,1,1,1,1,1,1,1,1,1,1,1,1,1,1,1,1,1,1,1
628,BC,Vancouver Harbour (AU8),EC,1,0,1,1,1,1,1,1,1,1,1,1,1,1,1,1,1,1,1,1,1,1,1,1,1,1,1,1,1,1,1,1,1,1,1,1,1,1,1,1,1,1,1,1,1,1,1,1,1,1,1,1,1,1,1,1,1,1,1,1,1,1,1
411,BC,Vancouver International Airport,GVRD,1,1,1,0,0,1,1,0,1,1,1,1,1,1,1,1,1,1,1,1,1,1,1,1,1,1,1,1,1,1,1,1,1,1,1,1,1,1,1,1,1,1,1,1,1,1,1,1,1,1,1,1,1,1,1,1,1,1,1,1,1,1,1
597,BC,Vancouver International Airport (WS3),NAVCAN,1,1,0,1,1,1,1,1,1,1,1,1,1,1,1,1,1,1,1,1,1,1,1,1,1,1,1,1,1,1,1,1,1,1,1,1,1,1,1,1,1,1,1,1,1,1,1,1,1,1,1,1,1,1,1,1,1,1,1,1,1,1,1
3569,BC,Vancouver Sea Island CCG,EC,1,1,1,1,1,1,1,1,1,1,1,1,1,1,1,1,1,1,1,1,1,1,1,1,1,1,1,1,1,1,1,1,1,1,1,1,1,1,1,1,1,1,1,1,1,1,1,1,1,1,1,1,1,1,1,1,1,1,1,1,1,1,1
633,BC,Vernon (AU8),EC,1,1,1,1,1,1,0,1,1,1,1,1,1,1,0,1,1,1,1,1,1,1,1,1,0,1,1,1,1,1,1,1,1,1,1,1,1,1,1,1,1,1,1,1,1,1,1,1,1,1,1,1,1,1,1,1,0,1,1,1,1,1,1
2157,BC,Victoria CWYJ,NCEP,1,1,0,0,0,1,1,1,1,1,1,1,1,1,1,1,1,1,1,1,1,1,1,1,1,1,1,1,1,1,1,1,1,1,1,1,1,1,1,1,1,1,1,1,1,1,1,1,1,1,1,1,1,1,1,1,1,1,1,1,1,1,1
638,BC,Victoria Gonzales (AU8),EC,1,1,1,1,1,1,1,1,1,1,1,1,1,1,1,1,1,1,1,1,1,1,1,1,1,1,1,1,1,1,1,1,1,1,1,1,1,1,1,1,1,1,1,1,1,1,1,1,1,1,1,1,1,1,1,1,1,1,1,1,1,1,1
598,BC,Victoria Harbour,NAVCAN,1,1,0,0,0,1,1,1,1,1,1,1,1,1,1,1,1,1,1,1,1,1,1,1,1,1,1,1,1,1,1,1,1,1,1,1,1,1,1,1,1,1,1,1,1,1,1,1,1,1,1,1,1,1,1,1,1,1,1,1,1,1,1
608,BC,Victoria International Airport,NAVCAN,1,1,0,1,1,1,1,1,1,1,1,1,1,1,1,1,1,1,1,1,1,1,1,1,1,1,1,1,1,1,1,1,1,1,1,1,1,1,1,1,1,1,1,1,1,1,1,1,1,1,1,1,1,1,1,1,1,1,1,1,1,1,1
676,BC,Victoria University (AU8),EC,1,1,1,1,1,1,1,1,1,1,1,1,1,1,1,1,1,1,1,1,1,1,1,1,1,1,1,1,1,1,1,1,1,1,1,1,1,1,1,1,1,1,1,1,1,1,1,1,1,1,1,1,1,1,1,1,1,1,1,1,1,1,1
421,BC,Wahleach (Jones) Res.,BCHydro,1,0,1,0,1,1,0,1,1,1,1,1,1,1,1,1,1,1,1,1,1,1,1,1,0,1,1,1,1,1,1,1,1,1,1,1,1,1,1,1,1,1,1,1,1,1,1,1,1,1,1,1,1,1,1,1,1,1,1,1,1,1,1
685,BC,Warfield RCS,EC,1,1,1,1,1,1,0,1,1,1,1,1,1,1,0,1,1,1,1,1,1,1,1,1,0,1,1,1,1,1,1,1,1,1,1,1,1,1,1,1,1,1,1,1,1,1,1,1,1,1,1,1,1,1,1,1,0,1,1,1,1,1,1
3580,YT,Watson Lake Airport,EC,1,1,1,1,1,1,0,1,1,1,1,1,0,0,0,1,1,0,1,1,1,1,1,0,0,1,1,0,1,1,1,1,1,1,1,1,1,1,0,0,1,0,1,1,1,1,1,1,1,1,1,1,1,1,1,0,0,1,1,1,1,1,1
673,BC,West Vancouver (AU8),EC,1,1,1,1,1,1,1,1,1,1,1,1,1,1,1,1,1,1,1,1,1,1,1,1,1,1,1,1,1,1,1,1,1,1,1,1,1,1,1,1,1,1,1,1,1,1,1,1,1,1,1,1,1,1,1,1,1,1,1,1,1,1,1
3572,YT,Whitehouse Auto,EC,1,1,1,1,1,1,0,1,1,1,1,0,0,0,0,1,0,0,1,1,0,1,0,0,0,1,0,0,1,0,1,0,1,0,1,1,1,1,0,0,1,0,1,1,1,1,1,1,1,1,1,1,1,1,0,0,0,1,1,1,1,1,1
674,BC,White Rock (AU8),EC,1,1,1,1,1,1,1,1,1,1,1,1,1,1,1,1,1,1,1,1,1,1,1,1,1,1,1,1,1,1,1,1,1,1,1,1,1,1,1,1,1,1,1,1,1,1,1,1,1,1,1,1,1,1,1,1,1,1,1,1,1,1,1
599,BC,Williams Lake Airport,NAVCAN,1,1,0,1,0,1,0,1,1,1,1,1,1,1,0,1,1,1,1,1,1,1,1,1,0,1,1,1,1,1,1,1,1,1,1,1,1,1,1,1,1,1,1,1,1,1,1,1,1,1,1,1,1,1,1,1,0,1,1,1,1,1,1
463,BC,Wolf R. Upper,BCHydro,1,0,1,0,1,1,0,1,1,1,1,1,1,1,1,1,1,1,1,1,1,1,1,1,0,1,1,1,1,1,1,1,1,1,1,1,1,1,1,1,1,1,1,1,1,1,1,1,1,1,1,1,1,1,1,1,1,1,1,1,1,1,1
519,BC,Wonowon,BCHydro,1,0,1,0,1,1,0,1,1,1,1,1,1,0,0,1,1,1,1,1,1,1,1,1,0,1,1,1,1,1,1,1,1,1,1,1,1,1,1,1,1,1,1,1,1,1,1,1,1,1,1,1,1,1,1,1,0,1,1,1,1,1,1
677,BC,Yoho Park (AU8),EC,1,1,1,1,1,1,0,1,1,1,1,1,0,0,0,1,1,1,1,1,1,1,1,1,0,1,1,1,1,1,1,1,1,1,1,1,1,1,1,1,1,1,1,1,1,1,1,1,1,1,1,1,1,1,1,1,0,1,1,1,1,1,1
3011,NWT,CWQY,NCEP,1,1,0,0,0,1,0,1,1,1,0,0,0,0,0,0,0,0,1,1,0,0,0,0,0,0,0,0,1,0,1,0,1,0,1,1,1,1,0,0,1,0,1,1,0,1,1,0,1,1,0,1,1,0,0,0,0,1,1,1,1,0,1
1725,NWT,Fort Providence CWID,NCEP,1,1,0,0,0,1,0,1,1,1,1,1,0,0,0,1,1,0,1,1,1,1,1,0,0,1,1,0,1,1,1,1,1,1,1,1,1,1,0,0,1,0,1,1,0,1,1,1,1,1,0,1,1,1,1,0,0,1,1,1,1,1,1
2174,NWT,Holman CXHI,NCEP,1,1,0,0,0,1,0,1,1,0,0,0,0,0,0,1,0,0,0,0,0,1,0,0,0,1,0,0,1,0,1,0,1,0,1,1,1,0,0,0,0,0,1,0,0,1,0,0,1,0,0,1,0,0,0,0,0,1,1,1,1,0,1
714,NWT,Yellowknife CWFZ,NCEP,1,1,0,0,0,1,0,1,1,1,1,1,0,0,0,1,0,0,1,1,1,1,0,0,0,1,0,0,1,0,1,0,1,0,1,1,1,1,0,0,1,0,1,1,0,1,1,0,1,1,0,1,1,0,0,0,0,1,1,1,1,1,1
721,NWT,Yellowknife CYZF,NCEP,1,1,0,0,0,1,0,1,1,1,1,1,0,0,0,1,0,0,1,1,1,1,0,0,0,1,0,0,1,1,1,1,1,1,1,1,1,1,0,0,1,0,1,1,0,1,1,0,1,1,0,1,1,0,1,0,0,1,1,1,1,1,1
2358,NWT,Cape Parry CZCP,NCEP,1,1,0,0,0,1,0,1,1,0,0,0,0,0,0,0,0,0,1,0,0,0,0,0,0,0,0,0,0,0,0,0,0,0,1,1,1,0,0,0,0,0,1,0,0,1,0,0,1,0,0,1,0,0,0,0,0,1,1,1,1,0,1
2069,NWT,CWLI,NCEP,1,1,0,0,0,1,0,1,1,1,0,0,0,0,0,0,0,0,0,0,0,0,0,0,0,0,0,0,0,0,0,0,0,0,1,1,1,0,0,0,0,0,1,0,0,1,0,0,1,0,0,1,0,0,0,0,0,1,1,1,1,0,1
2235,NWT,Hay River CYHY,NCEP,1,1,0,0,0,1,0,1,1,1,1,1,0,0,0,1,1,0,1,1,1,1,1,0,0,1,1,0,1,1,1,1,1,1,1,1,1,1,0,0,1,0,1,1,0,1,1,0,1,1,0,1,1,0,1,0,0,1,1,1,1,1,1
2215,NWT,Inuvik CYEV,NCEP,1,1,0,0,0,1,0,1,1,1,0,0,0,0,0,0,0,0,1,0,0,0,0,0,0,0,0,0,0,0,0,0,0,0,1,1,1,0,0,0,0,0,1,0,0,1,0,0,1,0,0,1,0,0,0,0,0,1,1,1,1,0,1
2322,NWT,Norman Wells CYVQ,NCEP,1,1,0,0,0,1,0,1,1,1,0,0,0,0,0,1,0,0,1,0,0,1,0,0,0,1,0,0,1,0,1,0,1,0,1,1,1,1,0,0,1,0,1,1,0,1,1,0,1,1,0,1,1,0,0,0,0,1,1,1,1,0,1
2782,NWT,CWBJ,NCEP,1,1,0,0,0,1,0,1,1,1,1,1,0,0,0,1,0,0,1,1,1,1,0,0,0,1,0,0,1,1,1,1,1,1,1,1,1,1,0,0,1,0,1,1,0,1,1,0,1,1,0,1,1,0,1,0,0,1,1,1,1,1,1
2801,NWT,CWMT,NCEP,1,1,0,0,0,1,0,1,1,1,1,0,0,0,0,1,1,0,1,1,1,1,1,0,0,1,1,0,1,1,1,1,1,1,1,1,1,1,0,0,1,0,1,1,0,1,1,0,1,1,0,1,1,0,1,0,0,1,1,1,1,1,1
2220,NWT,Fort Simpson,NCEP,1,1,0,0,0,1,0,1,1,1,1,1,0,0,0,1,1,0,1,1,1,1,1,0,0,1,1,0,1,1,1,1,1,1,1,1,1,1,0,0,1,0,1,1,1,1,1,1,1,1,1,1,1,1,1,0,0,1,1,1,1,1,1
2303,NWT,Fort Smith Airport,NCEP,1,1,0,0,0,1,0,1,1,1,1,1,0,0,0,1,0,0,1,1,1,1,0,0,0,1,0,0,1,1,1,1,1,1,1,1,1,1,0,0,1,0,1,1,0,1,1,0,1,1,0,1,1,0,1,0,0,1,1,1,1,1,1
440,BC,Bear Ck. Reservoir,BCHydro,1,0,1,0,1,1,1,1,1,1,1,1,1,1,1,1,1,1,1,1,1,1,1,1,1,1,1,1,1,1,1,1,1,1,1,1,1,1,1,1,1,1,1,1,1,1,1,1,1,1,1,1,1,1,1,1,1,1,1,1,1,1,1
693,YT,Beaver Creek Airport (AWS),NAVCAN,1,1,0,0,0,1,0,1,1,1,0,0,0,0,0,1,0,0,1,0,0,1,0,0,0,1,0,0,1,0,1,0,1,0,1,1,1,1,0,0,1,0,1,0,0,1,1,0,1,0,0,1,1,0,0,0,0,1,1,1,1,0,1
688,YT,Burwash Airport (AWS),NAVCAN,1,1,1,1,1,1,0,1,1,1,1,0,0,0,0,1,0,0,1,1,0,1,0,0,0,1,0,0,1,0,1,0,1,0,1,1,1,1,0,0,1,0,1,1,0,1,1,0,1,1,0,1,1,0,0,0,0,1,1,1,1,1,1
705,YT,Carmacks (AU7),EC,1,1,1,1,1,1,0,1,1,1,1,0,0,0,0,1,0,0,1,1,0,1,0,0,0,1,0,0,1,0,1,0,1,0,1,1,1,1,0,0,1,0,1,1,0,1,1,0,1,1,0,1,1,0,0,0,0,1,1,1,1,1,1
2946,NWT,CWJL,NCEP,1,1,0,0,0,1,0,1,1,1,1,1,0,0,0,1,1,0,1,1,1,1,1,0,0,1,1,0,1,1,1,1,1,1,1,1,1,1,0,0,1,0,1,1,1,1,1,1,1,1,1,1,1,1,1,1,0,1,1,1,1,1,1
3003,YT,CWJN,NCEP,1,1,0,0,0,1,0,1,1,0,0,0,0,0,0,0,0,0,0,0,0,0,0,0,0,0,0,0,0,0,0,0,0,0,1,1,1,0,0,0,0,0,1,0,0,1,0,0,1,0,0,1,0,0,0,0,0,1,1,1,1,0,1
2972,NWT,CWSY,NCEP,1,1,0,0,0,1,0,1,1,0,0,0,0,0,0,0,0,0,0,0,0,0,0,0,0,0,0,0,0,0,0,0,0,0,1,1,1,0,0,0,0,0,1,0,0,1,0,0,1,0,0,1,0,0,0,0,0,1,1,1,1,0,1
2974,NWT,CWTE,NCEP,1,1,0,0,0,1,0,1,1,1,1,1,0,0,0,1,1,0,1,1,1,1,1,0,0,1,1,0,1,1,1,1,1,1,1,1,1,1,0,0,1,0,1,1,1,1,1,1,1,1,1,1,1,1,1,0,0,1,1,1,1,1,1
2745,YT,CYDB,NCEP,1,1,0,0,0,1,0,1,1,1,1,0,0,0,0,1,0,0,1,1,0,1,0,0,0,1,0,0,1,0,1,0,1,0,1,1,1,1,0,0,1,0,1,1,0,1,1,0,1,1,0,1,1,0,0,0,0,1,1,1,1,1,1
3001,YT,CZOC,NCEP,1,1,0,0,0,1,0,1,1,1,0,0,0,0,0,0,0,0,1,0,0,0,0,0,0,0,0,0,0,0,0,0,0,0,1,1,1,0,0,0,0,0,1,0,0,1,0,0,1,0,0,1,0,0,0,0,0,1,1,1,1,0,1
2990,NWT,CZPK,NCEP,1,1,0,0,0,1,0,1,1,1,0,0,0,0,0,1,0,0,1,0,0,1,0,0,0,1,0,0,1,0,1,0,1,0,1,1,1,0,0,0,0,0,1,0,0,1,0,0,1,0,0,1,0,0,0,0,0,1,1,1,1,0,1
701,YT,Dawson City (AU8),EC,1,1,1,1,1,1,0,1,1,1,0,0,0,0,0,1,0,0,1,0,0,1,0,0,0,1,0,0,1,0,1,0,1,0,1,1,1,1,0,0,1,0,1,0,0,1,0,0,1,0,0,1,0,0,0,0,0,1,1,1,1,0,1
696,YT,Faro Airport (AWS),NAVCAN,1,1,0,0,0,1,0,1,1,1,1,0,0,0,0,1,0,0,1,1,0,1,0,0,0,1,0,0,1,0,1,0,1,0,1,1,1,1,0,0,1,0,1,1,0,1,1,0,1,1,0,1,1,0,0,0,0,1,1,1,1,1,1
703,YT,Faro (AU2/AWS),EC,1,1,1,1,1,1,0,1,1,1,1,0,0,0,0,1,0,0,1,1,0,1,0,0,0,1,0,0,1,0,1,0,1,0,1,1,1,1,0,0,1,0,1,1,0,1,1,0,1,1,0,1,1,0,0,0,0,1,1,1,1,1,1
698,YT,Haines Junction (AU8),EC,1,1,1,0,0,1,0,1,1,1,1,0,0,0,0,1,0,0,1,1,0,1,0,0,0,1,0,0,1,0,1,0,1,0,1,1,1,1,0,0,1,0,1,1,0,1,1,0,1,1,0,1,1,0,0,0,0,1,1,1,1,1,1
699,YT,Herschel Island (AU8),EC,1,1,1,1,1,1,0,1,1,0,0,0,0,0,0,0,0,0,0,0,0,0,0,0,0,0,0,0,0,0,0,0,0,0,1,1,1,0,0,0,0,0,1,0,0,1,0,0,1,0,0,1,0,0,0,0,0,1,1,1,1,0,1
700,YT,Ivvavik National Park (AU8),EC,1,1,1,1,1,1,0,1,1,0,0,0,0,0,0,0,0,0,0,0,0,0,0,0,0,0,0,0,0,0,0,0,0,0,1,1,1,0,0,0,0,0,1,0,0,1,0,0,1,0,0,1,0,0,0,0,0,1,1,1,1,0,1
686,YT,Komakuk Beach (AU5),EC,1,1,0,0,0,1,0,1,1,0,0,0,0,0,0,0,0,0,0,0,0,0,0,0,0,0,0,0,0,0,0,0,0,0,1,1,1,0,0,0,0,0,1,0,0,1,0,0,1,0,0,1,0,0,0,0,0,1,1,1,1,0,1
689,YT,Mayo Airport (AWS),NAVCAN,1,1,0,1,0,1,0,1,1,1,0,0,0,0,0,1,0,0,1,0,0,1,0,0,0,1,0,0,1,0,1,0,1,0,1,1,1,1,0,0,1,0,1,1,0,1,1,0,1,1,0,1,1,0,0,0,0,1,1,1,1,0,1
706,YT,Old Crow (AU8),EC,1,1,1,1,1,1,0,1,1,1,0,0,0,0,0,0,0,0,1,0,0,0,0,0,0,0,0,0,0,0,0,0,0,0,1,1,1,0,0,0,0,0,1,0,0,1,0,0,1,0,0,1,0,0,0,0,0,1,1,1,1,0,1
702,YT,Rock River (AU8),EC,1,1,1,1,1,1,0,1,1,1,0,0,0,0,0,0,0,0,1,0,0,0,0,0,0,0,0,0,0,0,0,0,0,0,1,1,1,0,0,0,0,0,1,0,0,1,0,0,1,0,0,1,0,0,0,0,0,1,1,1,1,0,1
692,YT,Shingle Point (AU5),EC,1,1,0,0,0,1,0,1,1,1,0,0,0,0,0,0,0,0,0,0,0,0,0,0,0,0,0,0,0,0,0,0,0,0,1,1,1,0,0,0,0,0,1,0,0,1,0,0,1,0,0,1,0,0,0,0,0,1,1,1,1,0,1
695,YT,Teslin Airport (AWS),NAVCAN,1,1,0,0,0,1,0,1,1,1,1,0,0,0,0,1,1,0,1,1,1,1,1,0,0,1,1,0,1,1,1,1,1,1,1,1,1,1,0,0,1,0,1,1,1,1,1,1,1,1,1,1,1,1,1,0,0,1,1,1,1,1,1
704,YT,Teslin (AU2),EC,1,1,1,1,1,1,0,1,1,1,1,0,0,0,0,1,1,0,1,1,1,1,1,0,0,1,1,0,1,1,1,1,1,1,1,1,1,1,0,0,1,0,1,1,1,1,1,1,1,1,1,1,1,1,1,0,0,1,1,1,1,1,1
691,YT,Watson Lake Airport,NAVCAN,1,1,0,1,0,1,0,1,1,1,1,1,0,0,0,1,1,0,1,1,1,1,1,0,0,1,1,0,1,1,1,1,1,1,1,1,1,1,0,0,1,0,1,1,1,1,1,1,1,1,1,1,1,1,1,0,0,1,1,1,1,1,1
694,YT,Whitehorse Airport,NAVCAN,1,1,0,0,0,1,0,1,1,1,1,0,0,0,0,1,0,0,1,1,1,1,0,0,0,1,0,0,1,0,1,0,1,0,1,1,1,1,0,0,1,0,1,1,1,1,1,1,1,1,1,1,1,1,0,0,0,1,1,1,1,1,1

